201908072128 03.562426.1812154.58 24.156.2499 11.41920.26 0.1 0.1 F530B 20072128.P19521   
 TRB044 5   11.42   81.06 123.76 117.54  73.0 01821900.CVA CVA  20190807212612.  285.     
 ILA062 5   11.52   86.74 151.70 134.90 221.8 50621900.MNS NANO 20190807212708.  287.     
 ILA061 5   12.23  105.48 140.70 150.58 120.0 C9821900.SMT SMTA 20190807212700.  320.     
 ILA075 5   13.35   90.54 170.72 204.28 120.0 D4021901.SMT SMTA 20190807212700.  274.     
 ILA065 5   13.91  103.02 143.44 139.44 120.0 E9121900.SMT SMTA 20190807212700.  286.     
 ILA050 5   16.33   50.90 169.40 156.00  65.0 63414300.EVT K2   20190807212747.  266.     
 ILA007 5   18.21  102.18 231.22 200.82  75.0 06421900.CVA CVA  20190807212810.  342.     
 ILA068 5   18.59   92.00 149.44 175.62 180.0 D0621900.SMT SMTA 20190807212700.  343.     
 MND014 5   18.79   84.16 141.54 147.06  62.0 05921900.CVA CVA  20190807212740.  348.     
 ILA031 6   19.14   88.46 257.36 241.70  67.0 08521900.CVA CVA  20190807212813.  339.     
 ILA052 5   19.69  135.56 241.98 170.34 120.0 E9821900.SMT SMTA 20190807212700.  345.     
 MTN131 6   19.84  108.16 338.32 294.22  80.0 T061001.356  A900 20190807212749.  330.     
 TRB041 5   20.12   85.16 228.30 165.34  80.0 02021900.CVA CVA  20190807212756.  337.     
 ILA053 4   20.95   24.60  32.58  29.44 120.0 C8021900.SMT SMTA 20190807212700.  236.     
 HWA045 4   21.52   36.78  54.74  62.40 120.0 D0921900.SMT SMTA 20190807212700.  229.     
 ILA032 5   21.92   61.56 140.58  84.32 215.1 42021900.MNS NANO 20190807212710.  340.     
 TRB043 4   22.17   31.40  21.06  32.30  65.0 02221900.CVA CVA  20190807212403.  226.     
 ILA071 5   23.63   53.42 103.40  47.34  67.0 09121900.CVA CVA  20190807212759.  330.     
 ILA006 5   23.83   37.82 127.82 107.76  84.0 06221900.CVA CVA  20190807212811.  341.     
 ILA047 5   25.79   42.42  98.86  97.76 240.0 O7021900.SMT SMTA 20190807212700.  333.     
 ILA059 5   26.65   40.04 161.04 125.70 180.0 D4121900.SMT SMTA 20190807212700.  342.     
 ILA043 5   26.97   68.66  86.04  81.38  69.0 08421900.CVA CVA  20190807212801.  321.     
 ILA044 5   28.30   47.16  82.30  40.22  91.0 09221900.CVA CVA  20190807212807.  328.     
 ILA076 5   29.34   57.38 108.28  55.92 120.0 F2121900.SMT SMTA 20190807212700.  318.     
 ILA026 5   29.69   49.86 120.24 123.80 244.4 53021900.MNS NANO 20190807212711.  332.     
 ILA042 5   30.01   41.78  95.24  65.54 242.8 50921900.MNS NANO 20190807212711.  338.     
 ILA005 5   30.48   42.74 117.34 112.96  85.0 06121900.CVA CVA  20190807212802.  341.     
 ILA046 5   30.48   53.02  85.60 101.04 213.2 53121900.MNS NANO 20190807212711.  326.     
 MTN128 4   31.33   23.10  58.70  44.68 206.9 12621900.MNS NANO 20190807212711.  285.     
 ILA027 5   31.51   59.72 163.96 133.84 240.0 M9821900.SMT SMTA 20190807212700.  333.     
 ILA072 5   32.38   36.40 135.04  94.64 238.8 50821900.MNS NANO 20190807212711.  334.     
 ILA008 5   33.14   64.54 109.48  90.66  93.0 08121900.CVA CVA  20190807212803.  335.     
 ILA041 5   33.52   58.28 115.06 150.14 102.0 14521900.CVA CVA  20190807212808.  341.     
 ILA055 5   34.59   51.84 146.80 130.10 180.0 D0421900.SMT SMTA 20190807212700.  344.     
 ILA018 4   35.08   19.86  45.22  38.98 240.0 L8121900.SMT SMTA 20190807212700.  320.     
 ILA030 5   35.21   91.48  87.24  94.38 101.0 08321900.CVA CVA  20190807212719.  335.     
 ILA038 5   35.60   38.36  98.36  86.46 300.0 N3521900.SMT SMTA 20190807212700.  332.     
 ILA004 5   36.08   41.92  86.56  73.70 260.1 52221900.MNS NANO 20190807212712.  340.     
 ILA022 4   36.60   21.16  45.34  39.32 204.1 18221900.MNS NANO 20190807212712.  314.     
 ILA056 5   37.02   28.50  91.22 113.02 180.0 D1321900.SMT SMTA 20190807212700.  345.     
 ILA013 5   37.29   28.70 146.94 125.66  92.0 08721900.CVA CVA  20190807212803.  332.     
 ILA017 4   38.37   26.34  42.52  45.40 205.1 39221900.MNS NANO 20190807212712.  324.     
 TRB039 5   38.38   31.96  95.54  88.14  88.0 01621900.CVA CVA  20190807212759.  337.     
 ILA028 5   38.48   67.88 126.02 134.20  86.0 08921900.CVA CVA  20190807212806.  336.     
 ILA070 5   38.55   56.52 177.04 135.70 240.0 M3921900.SMT SMTA 20190807212700.  336.     
 ILA051 4   38.75   25.18  41.84  63.70 120.0 C3621900.SMT SMTA 20190807212700.  324.     
 ILA040 5   38.87   55.50 101.36 124.56 180.0 D8721900.SMT SMTA 20190807212700.  343.     
 ILA037 5   38.93   92.24 103.66 123.36 234.8 48521900.MNS NANO 20190807212712.  331.     
 ILA049 5   39.46   33.76 175.74  94.64 180.0 C8821900.SMT SMTA 20190807212700.  337.     
 ILA021 4   40.06   19.38  32.80  22.38  64.0 10421900.CVA CVA  20190807212802.  320.     
 HWA025 3   40.11   13.34  16.94  13.32 212.9 17621900.MNS NANO 20190807212713.  221.     
 ILA029 4   40.30   61.88  74.06  56.52 223.2 23721900.MNS NANO 20190807212713.  337.     
 MTN181 4   40.36   14.50  22.20  25.64 208.7 18821900.MNS NANO 20190807212713.  286.     
 ILA023 4   40.56   28.18  57.24  56.92 213.7 45421900.MNS NANO 20190807212713.  311.     
 ILA039 4   40.57   29.46  71.02  68.04 240.0 N1721900.SMT SMTA 20190807212700.  333.     
 ILA025 5   40.71   20.80 105.44  98.74 240.0 O1721900.SMT SMTA 20190807212700.  303.     
 ILA016 4   41.03   31.86  54.46  58.70 223.2 30921900.MNS NANO 20190807212713.  327.     
 ILA012 5   41.58   25.98  59.60 100.84  83.0 07921900.CVA CVA  20190807212749.  336.     
 ILA034 4   41.64   25.26  64.20  66.32 300.0 M3621900.SMT SMTA 20190807212700.  347.     
 ILA036 5   41.76   29.52  72.52  80.46  86.0 08221900.CVA CVA  20190807212754.  339.     
 HWA057 4   42.34    8.28  27.84  20.64 120.0 D2021900.SMT SMTA 20190807212700.  223.     
 HWA046 4   42.80   13.16  24.10  27.76 205.3 38021901.MNS NANO 20190807212713.  222.     
 HWA047 3   43.06    8.38   0.00  14.34 240.0 N6621900.SMT SMTA 20190807212700.  217.     
 ILA015 4   43.53   20.54  55.72  38.04 240.0 O2521900.SMT SMTA 20190807212700.  331.     
 ILA063 4   43.54   18.42  44.96  43.10 240.0 O1521900.SMT SMTA 20190807212700.  297.     
 ILA074 4   44.22   18.78  21.84  33.90 120.0 G7621900.SMT SMTA 20190807212700.  295.     
 ILA020 4   44.80   22.90  65.26  67.82 206.4 43321900.MNS NANO 20190807212714.  322.     
 ILA035 5   45.08   19.92  81.72  47.98 227.0 53821900.MNS NANO 20190807212713.  342.     
 ILA069 4   45.14    9.82  31.50  13.06 240.0 G7321900.SMT SMTA 20190807212700.    4.     
 HWA069 4   45.15   15.54  29.14  27.14 240.0 N7521900.SMT SMTA 20190807212700.  230.     
 TRB040 5   45.21   19.82  82.66  59.16  86.0 01921900.CVA CVA  20190807212712.  342.     
 HWA026 3   45.61   19.14  16.82  20.54 210.8 39021900.MNS NANO 20190807212714.  219.     
 ILA002 4   46.28   16.80  70.00  66.20 217.8 35521900.MNS NANO 20190807212714.  347.     
 ILA073 4   46.90   21.34  50.02  48.56 240.0 O7221900.SMT SMTA 20190807212700.  350.     
 ILA033 4   47.99   26.36  40.10  54.98 208.6 50421900.MNS NANO 20190807212714.  350.     
 MTN135 4   48.46   25.22  37.40  57.94 214.1 41021900.MNS NANO 20190807212714.  318.     
 MTN129 3   49.29    7.48  12.04  10.86  82.0 T109001.356  A900 20190807212755.  277.     
 HWA023 2   50.08    5.96   5.02   7.02 120.0 E8821900.SMT SMTA 20190807212700.  218.     
 MTN139 4   50.09   21.82  39.92  54.68 207.6 42421900.MNS NANO 20190807212714.  298.     
 HWA072 4   50.33   14.40  26.64  20.84 240.0 O6421900.SMT SMTA 20190807212700.  240.     
 MTN125 4   51.72   31.86  76.78  77.30 207.5 14121900.MNS NANO 20190807212714.  329.     
 HWA027 3   52.87    8.42  21.26  12.94 209.8 39621900.MNS NANO 20190807212715.  217.     
 MTN160 3   53.00    4.16  11.18   8.36 197.5 43121900.MNS NANO 20190807212717.  241.     
 MTN127 4   53.26   10.40  29.42  20.96 201.3 18421900.MNS NANO 20190807212715.  289.     
 ILA067 4   53.57    8.66  28.00  20.22 240.0 O1121900.SMT SMTA 20190807212700.  270.     
 MND006 3   54.88    7.22  20.74  12.42  62.0 T497001.219  A900 20190807212754.  212.     
 MND025 4   55.76   15.14  25.56  29.50  68.0 T575001.356  A900 20190807212757.  216.     
 HWA028 3   55.80    7.26  15.70  13.54 218.6 33521900.MNS NANO 20190807212718.  213.     
 TAP129 4   55.90   24.52  44.06  37.34 240.0 O6821900.SMT SMTA 20190807212700.  312.     
 HWA012 3   56.76    6.12  12.76  11.44 240.0 N5421900.SMT SMTA 20190807212700.  210.     
 TRB042 4   57.42    9.38  16.90  30.40  75.0 02521900.CVA CVA  20190807212817.  213.     
 HWA007 3   57.55    5.72  12.16  14.86  62.0 12521900.CVA CVA  20190807212801.  210.     
 HWA048 3   57.90    6.94  16.02  15.68  71.0 12121900.CVA CVA  20190807212740.  215.     
 MTN175 3   58.37    5.56   8.06   7.46  78.0 T007001.356  A900 20190807212758.  263.     
 HWA011 4   58.38    7.16  25.62  21.64  79.0 13121900.CVA CVA  20190807212751.  213.     
 HWA062 3   58.52    5.26  11.94   8.58 120.0 G7521900.SMT SMTA 20190807212800.  210.     
 HWA063 3   58.65    8.58  17.78  13.88 240.0 N1521900.SMT SMTA 20190807212700.  213.     
 HWA008 3   58.68    9.60  14.70  14.00  77.0 12221900.CVA CVA  20190807212813.  212.     
 MND016 3   58.95    7.90   7.66  11.48  57.0 06021900.CVA CVA  20190807212833.  210.     
 MTN105 4   58.99   26.90  29.16  24.34  82.0 T255001.219  A900 20190807212739.  319.     
 TAP085 4   59.09   13.04  37.52  26.22 203.8 42921900.MNS NANO 20190807212716.  340.     
 ILA054 4   59.17    9.00  24.20  33.34 120.0 D0121900.SMT SMTA 20190807212700.    2.     
 HWA019 3   59.29    5.48  13.06  11.58 226.8 20121900.MNS NANO 20190807212717.  210.     
 HWA050 4   59.30    6.98  17.62  29.20  79.0 11821900.CVA CVA  20190807212755.  213.     
 TAP124 4   59.51   17.20  27.74  25.82 197.4 57421900.MNS NANO 20190807212716.  323.     
 HWA010 3   59.55    5.68  18.10  12.60  73.0 13521900.CVA CVA  20190807212734.  212.     
 TAP127 4   59.92   11.92  24.54  28.76 240.0 D2821900.SMT SMTA 20190807212700.  352.     
 HWA013 3   60.03    6.82  16.52  16.82 300.0 N7421900.SMT SMTA 20190807212700.  212.     
 HWA014 3   60.07    8.14  17.46  12.76  73.0 13621900.CVA CVA  20190807212801.  211.     
 HWA049 3   60.32    5.24   8.48  10.14 240.0 N7321900.SMT SMTA 20190807212700.  216.     
 TCU085 3   60.98   13.22  24.44  24.86 240.0 N8321900.SMT SMTA 20190807212700.  296.     
 MTN174 3   61.69    5.42   9.64   9.22 203.8 14721900.MNS NANO 20190807212718.  264.     
 TCU188 3   62.00    6.94  22.32  14.50 180.0 D2221900.SMT SMTA 20190807212700.  260.     
 HWA015 3   62.27    5.34  10.54   8.72 120.0 D3721900.SMT SMTA 20190807212700.  214.     
 HWA016 3   62.83    5.54  12.46   8.94  54.0 12721900.CVA CVA  20190807212805.  213.     
 TAP036 4   62.96   20.00  47.58  31.08 240.0 N8121900.SMT SMTA 20190807212700.  325.     
 MTN134 4   63.47   13.86  28.50  31.70 214.7 41421900.MNS NANO 20190807212717.  285.     
 TAP074 4   63.55   24.78  43.66  44.14 240.0 O1321900.SMT SMTA 20190807212700.  334.     
 TAP069 3   63.81    3.50  10.22  13.86  60.0 L5021900.SMT SMTA 20190807212800.    8.     
 MTN141 3   63.88    5.40   9.20  10.56  72.0 T077001.356  A900 20190807212804.  258.     
 TAP113 4   64.41   21.66  33.44  23.50 240.0 L5321900.SMT SMTA 20190807212700.  340.     
 TAP080 4   64.44   18.46  41.18  31.46 206.6 22921900.MNS NANO 20190807212717.    4.     
 MTN116 4   64.74   37.66  53.62  53.22 210.0 40721900.MNS NANO 20190807212716.  345.     
 TAP079 4   64.86   10.78  40.26  23.98 240.0 M9421900.SMT SMTA 20190807212700.    0.     
 HWA029 3   64.94    3.46   8.24   7.84 207.8 38821900.MNS NANO 20190807212718.  211.     
 TCU195 4   65.02    7.04  21.90  26.60 240.0 O6221900.SMT SMTA 20190807212700.  287.     
 TAP035 5   65.19   50.56  91.68  53.68 213.5 10521900.MNS NANO 20190807212717.  326.     
 HWA017 2   65.43    4.06   7.36   6.72  51.0 13421900.CVA CVA  20190807212812.  214.     
 TRB010 4   65.62   16.14  45.84  20.48  62.0 01521900.CVA CVA  20190807212828.  357.     
 MTN138 3   65.79    8.50  22.38  16.50 197.2 41821900.MNS NANO 20190807212718.  301.     
 MTN106 4   66.13   27.68  42.04  37.90  88.0 T017001.356  A900 20190807212756.  353.     
 MTN123 5   66.17   30.06  96.76  73.72 213.1 39321900.MNS NANO 20190807212717.  326.     
 TAP086 4   66.22   24.60  29.03  31.62 160.0 33921900.MNS NANO 20190807212717.  329.     
 TAP078 4   66.29   13.68  40.32  24.82 208.5 24921900.MNS NANO 20190807212717.  356.     
 TAP105 3   66.37    6.28  17.24  13.62  50.0 T567001.219  A900 20190807212745.    1.     
 MTN137 3   66.44    6.96  10.08  11.18 196.2 41121900.MNS NANO 20190807212720.  292.     
 TAP072 4   66.45   14.50  55.62  36.94 205.8 22321900.MNS NANO 20190807212718.  338.     
 MTN122 4   66.54   10.28  21.20  26.68 205.0 40221900.MNS NANO 20190807212718.  314.     
 HWA060 3   66.80    5.90  14.34  18.66 120.0 F3821900.SMT SMTA 20190807212800.  208.     
 MTN145 3   66.90    6.96  10.90   7.94 209.0 42321900.MNS NANO 20190807212718.  245.     
 TAP073 4   67.11   19.60  58.64  48.02 240.0 N2621900.SMT SMTA 20190807212700.  341.     
 HWA058 3   67.15    6.22   9.96  13.00 120.0 F3221900.SMT SMTA 20190807212700.  219.     
 TAP075 4   67.80   23.28  46.84  46.38 214.5 45021900.MNS NANO 20190807212720.  345.     
 TAP067 3   68.04   20.28  22.96  16.88 120.0 C9121900.SMT SMTA 20190807212700.  332.     
 TAP034 4   68.47   31.74  46.08  39.02 211.3 22521900.MNS NANO 20190807212717.  327.     
 TAP071 4   69.28   19.26  44.56  49.24 211.7 22021900.MNS NANO 20190807212718.  335.     
 TAP077 4   69.61   14.36  30.64  31.48 240.0 M3521900.SMT SMTA 20190807212700.  355.     
 HWA068 3   69.95    4.66   7.86   9.12 225.7 46321900.MNS NANO 20190807212719.  211.     
 MTN111 3   70.26    9.30  20.56  16.42  76.0 T080001.356  A900 20190807212759.  313.     
 HWA018 3   70.26    4.62   8.20   5.48  54.0 11121900.CVA CVA  20190807212826.  213.     
 TAP101 4   70.65   31.96  57.06  58.04 240.0 O5921900.SMT SMTA 20190807212700.  332.     
 MTN172 3   70.69    4.92   8.48   5.62 202.9 39921900.MNS NANO 20190807212726.  253.     
 TCU206 3   70.74    3.96  11.42   7.16 240.0 L9621900.SMT SMTA 20190807212700.  253.     
 TAP033 4   70.86   44.80  73.72  65.96 212.9 31521900.MNS NANO 20190807212718.  328.     
 TCU186 3   71.01    7.54  16.46  17.62 240.0 O4721900.SMT SMTA 20190807212700.  304.     
 TAP119 4   71.12   24.10  50.56  40.34 240.0 C8521900.SMT SMTA 20190807212700.  328.     
 MTN152 4   71.36   24.62  68.22  66.24  90.0 T088001.356  A900 20190807212757.  331.     
 TAP103 4   71.54   33.32  43.86  38.60 180.0 C3521900.SMT SMTA 20190807212700.  350.     
 MTN153 2   71.79    5.90   7.02   7.40  71.0 T166001.219  A900 20190807212753.  295.     
 MTN121 4   71.95   11.38  25.26  22.54  88.0 T165001.356  A900 20190807212758.  338.     
 TCU130 3   72.36    6.26  12.28  16.98 180.0 F4021900.SMT SMTA 20190807212700.  243.     
 HWA051 3   72.47    4.66  12.64  12.06 120.0 C0621900.SMT SMTA 20190807212800.  210.     
 TAP030 5   72.64   28.02  86.12  75.56 240.0 N3621900.SMT SMTA 20190807212700.  329.     
 TAP029 4   73.69   29.36  46.34  49.34 216.7 19821900.MNS NANO 20190807212718.  329.     
 TAP117 4   74.15   26.90  60.34  39.84  30.0 T496001.219  A900 20190807212812.  330.     
 TAP057 5   74.55   23.84  97.24  53.56 219.3 33021900.MNS NANO 20190807212718.  343.     
 TAP125 5   74.55   47.68  83.38  59.92 216.3 17521900.MNS NANO 20190807212718.  340.     
 TAP027 4   74.78   26.02  59.94  53.22 222.7 34721900.MNS NANO 20190807212719.  327.     
 TRB012 4   74.83    0.00  43.98  55.04  85.0 03521900.CVA CVA  20190807212654.  336.     
 MTN110 4   74.83   17.06  42.88  33.26  90.0 T084001.219  A900 20190807212751.  317.     
 MND015 4   74.85   16.04  55.36  57.02  72.0 05721900.CVA CVA  20190807212732.  335.     
 TAP046 4   75.00   26.56  30.50  39.58 210.1 22421900.MNS NANO 20190807212718.  350.     
 TAP045 4   75.08   31.48  27.64  30.32 201.1 15021900.MNS NANO 20190807212718.  353.     
 TRB009 4   75.23   29.52  28.92  23.62  65.0 01221900.CVA CVA  20190807212812.  352.     
 TAP131 5   75.25   33.54  56.64 107.92 240.0 N8421900.SMT SMTA 20190807212700.  336.     
 TAP109 4   75.30   32.04  40.58  71.56 180.0 D6521900.SMT SMTA 20190807212700.  333.     
 TRB011 4   75.55   16.34  56.60  29.52  67.0 01721900.CVA CVA  20190807212536.  345.     
 TAP021 4   75.59   28.02  61.34  49.50 300.0 O2321900.SMT SMTA 20190807212700.  331.     
 TAP015 5   75.78   29.16  48.14 106.16 216.0 11521900.MNS NANO 20190807212719.  334.     
 TAP032 5   75.88   45.36 117.28 110.86 222.8 12421900.MNS NANO 20190807212719.  325.     
 TAP070 3   75.94    7.90  20.86  18.54 200.2 36421900.MNS NANO 20190807212718.    1.     
 TAP115 5   76.04   32.42  89.78  78.88 223.8 19421900.MNS NANO 20190807212719.  324.     
 TAP063 4   76.12   24.16  37.12  32.52 208.1 38221900.MNS NANO 20190807212719.  347.     
 TAP020 4   76.67   21.28  74.46  68.54 180.0 C8421900.SMT SMTA 20190807212700.  330.     
 TAP025 5   77.17   73.74  98.38  39.48 120.0 C7821900.SMT SMTA 20190807212800.  327.     
 TAP014 4   77.63   25.40  55.58  67.46 180.0 D4321900.SMT SMTA 20190807212700.  332.     
 TAP039 4   77.71   12.66  16.28  28.96 215.8 13621900.MNS NANO 20190807212719.  315.     
 TAP121 4   77.72   21.00  31.88  40.22 208.6 35121900.MNS NANO 20190807212719.  351.     
 TAP001 4   77.72   47.58  78.74  38.58 222.0 42121900.MNS NANO 20190807212719.  329.     
 TAP054 4   78.13   25.84  79.18  57.06 180.0 C1021900.SMT SMTA 20190807212700.  323.     
 TAP024 5   78.13   45.64  87.66  68.20 235.6 23121900.MNS NANO 20190807212719.  326.     
 TAP061 4   78.48   13.38  35.30  46.30 211.6 16621900.MNS NANO 20190807212719.  349.     
 TRB001 5   78.50   42.30  83.40  60.50  73.0 03221900.CVA CVA  20190807212643.  330.     
 TAP013 4   78.52   36.26  74.02  54.02 180.0 C8721900.SMT SMTA 20190807212700.  331.     
 TAP019 5   78.57   58.42 114.16  70.98  71.0 F7835600.EVT ETNA 20190807212759.  328.     
 TAP009 5   78.60   63.64  88.80  66.24 180.0 B3621900.SMT SMTA 20190807212700.  335.     
 TAP058 3   78.61    9.36  11.18  14.08 204.3 36721900.MNS NANO 20190807212719.  346.     
 TAP111 3   78.63   11.86  12.08  23.80 240.0 O3221900.SMT SMTA 20190807212700.  348.     
 TCU088 3   78.65    4.06   8.44   6.12  60.0 F1421900.SMT SMTA 20190807212800.  255.     
 TAP044 4   78.69   14.60  28.52  39.08 220.8 31721900.MNS NANO 20190807212719.  319.     
 TAP043 4   78.94   24.42  61.58  38.28 224.2 14821900.MNS NANO 20190807212719.  321.     
 TAP107 4   79.02   11.50  18.44  30.44 120.0 B9721900.SMT SMTA 20190807212700.  348.     
 TAP012 4   79.13   46.50  56.14  60.08 240.0 M9221900.SMT SMTA 20190807212700.  330.     
 TCU025 3   79.40    5.32  11.30  11.78 240.0 O2121900.SMT SMTA 20190807212700.  292.     
 TCU161 3   79.69    6.28  22.28  17.98 240.0 N4921900.SMT SMTA 20190807212700.  302.     
 TAP093 5   79.73   25.92 101.12  76.24  91.0 F8221900.EVT ETNA 20190807212035.  334.     
 MTN169 3   79.80    6.68  14.48  12.34  79.0 T153001.356  A900 20190807212807.  246.     
 HWA074 3   80.05    4.74  11.68   8.62 120.0 D3421901.SMT SMTA 20190807212800.  206.     
 TAP065 3   80.17    8.38   9.80  17.46 120.0 C5021900.SMT SMTA 20190807212700.  350.     
 TCU011 3   80.24   14.88  23.98  23.54 215.5 16421900.MNS NANO 20190807212720.  308.     
 MTN143 4   80.33   12.02  19.04  42.52  85.0 T418001.356  A900 20190807212800.  296.     
 TAP011 4   80.40   31.50  43.48  33.08  73.0 98935600.EVT ETNA 20190807212759.  329.     
 TAP047 3   80.81   12.64  14.56  22.12 215.7 10921900.MNS NANO 20190807212720.  315.     
 MND003 4   80.86   26.82  34.76  30.62  52.0 T482001.219  A900 20190807212754.  332.     
 TAP007 4   80.99   29.52  76.86  77.68  80.0 13835600.CVA CVA  20190807212819.  331.     
 TCU147 4   81.02   11.46  25.60  22.00 240.0 N4421900.SMT SMTA 20190807212700.  305.     
 MTN136 3   81.11    6.86  10.64  13.34  89.0 T022001.219  A900 20190807212806.  275.     
 TAP104 3   81.33    9.38   0.00  23.52  61.0 98421900.EVT ETNA 20190807212820.  348.     
 TAP037 4   81.43   16.54  36.26  26.02 214.7 34021900.MNS NANO 20190807212720.  324.     
 TAP060 3   81.64   13.82  18.60  24.86 205.6 15421900.MNS NANO 20190807212719.  347.     
 MND020 4   81.67   13.52  22.72  32.38  76.0 05821900.CVA CVA  20190807212813.  307.     
 MTN104 3   81.98    9.90  19.30  20.20  18.0 T013001.219  A900 20190807222737.  335.     
 TAP098 4   82.17   21.96  74.02  58.40 240.0 L9721900.SMT SMTA 20190807212700.  334.     
 TAP017 4   82.18   13.52  30.74  35.12  81.0 A0835600.EVT ETNA 20190807212759.  326.     
 TAP010 4   82.21   18.42  41.30  34.50 233.9 23421900.MNS NANO 20190807212720.  328.     
 TAP059 3   82.64    9.58  24.18  23.02 208.9 15121900.MNS NANO 20190807212719.  345.     
 MTN132 2   82.90    2.50   7.02   7.38 192.0 20921900.MNS NANO 20190807212729.  281.     
 TCU012 3   83.00   10.14  13.02  15.56 234.5 51421900.MNS NANO 20190807212720.  312.     
 TAP006 4   83.06   20.14  30.32  41.56 180.0 D0521900.SMT SMTA 20190807212700.  331.     
 TCU209 3   83.11    6.60   9.46   9.54 240.0 O2721900.SMT SMTA 20190807212700.  285.     
 TCU210 4   83.40   13.66  26.02  23.10 300.0 C1521900.SMT SMTA 20190807212700.  297.     
 HWA020 2   83.93    2.54   3.38   4.48  60.0 E9421900.SMT SMTA 20190807212800.  215.     
 TCU023 4   84.05   12.92  19.70  32.28 221.0 56921900.MNS NANO 20190807212722.  292.     
 MTN162 3   84.19    5.16   5.28   8.00 201.1 16821900.MNS NANO 20190807212731.  243.     
 TCU021 4   84.26   13.40  26.62  17.52 210.4 17021900.MNS NANO 20190807212721.  298.     
 TAP016 4   84.48   13.74  29.14  16.74 232.6 23521900.MNS NANO 20190807212720.  325.     
 TCU191 2   84.52    6.88   7.20   7.12  60.0 D1421900.SMT SMTA 20190807212800.  242.     
 TCU013 3   84.88   13.34  24.48   0.00 217.0 16221900.MNS NANO 20190807212721.  304.     
 TCU193 3   84.92    7.68  13.40  13.20 240.0 N4321900.SMT SMTA 20190807212700.  281.     
 TAP003 4   85.28   15.08  32.90  29.90 210.4 21721900.MNS NANO 20190807212720.  328.     
 HWA030 2   85.71    3.12   5.14   4.34 185.7 35621900.MNS NANO 20190807212735.  213.     
 TAP004 3   85.74   10.68  21.60  23.42 247.8 24221900.MNS NANO 20190807212720.  330.     
 TAP096 4   85.94   16.92  23.84  26.96 240.0 N0121900.SMT SMTA 20190807212700.  332.     
 TCU007 5   86.44   15.32  81.58  39.48 224.2 11321900.MNS NANO 20190807212721.  316.     
 TAP051 3   86.99   13.52  24.62  15.14 219.8 48621900.MNS NANO 20190807212721.  328.     
 HWA067 2   87.81    3.06   5.78   5.76 202.1 37921901.MNS NANO 20190807212735.  211.     
 TCU163 4   87.92   10.96  39.48  43.62 120.0 B8521900.SMT SMTA 20190807212800.  315.     
 MTN142 4   88.14   21.60  42.04  45.80 238.4 33821900.MNS NANO 20190807212721.  295.     
 TAP114 3   88.48    5.64  16.42  13.94 240.0 O6721900.SMT SMTA 20190807212700.  343.     
 TCU091 4   88.48   15.10  45.12  44.76 236.4 19221900.MNS NANO 20190807212721.  313.     
 TAP002 4   88.53   19.48  49.24  47.58 300.0 O3121900.SMT SMTA 20190807212700.  330.     
 TAP087 4   88.59   25.94  48.76  31.74 120.0 B9121900.SMT SMTA 20190807212800.  326.     
 TAP052 4   88.60   15.48  45.64  41.42 212.3 18621900.MNS NANO 20190807212721.  324.     
 TAP042 4   88.65   10.98  21.64  25.68 228.9 37521900.MNS NANO 20190807212721.  329.     
 HWA043 2   88.69    2.88   6.98   6.24  60.0 F1621906.SMT SMTA 20190807212800.  205.     
 TAP106 4   89.07   27.48  32.36  46.60  73.0 F8135600.EVT ETNA 20190807212801.  330.     
 TAP094 4   89.14   13.00  31.40  21.78 229.1 24421900.MNS NANO 20190807212721.  331.     
 TCU092 4   89.51   13.00  58.36  43.70 230.9 30621900.MNS NANO 20190807212721.  315.     
 TCU024 4   89.56   14.50  55.18  48.12 120.0 D5921900.SMT SMTA 20190807212800.  292.     
 MND009 4   89.89   13.04  50.44  42.80  63.0 T493001.219  A900 20190807212756.  324.     
 TCU009 4   90.29   11.84  40.26  18.92 234.0 19321900.MNS NANO 20190807212721.  310.     
 TCU014 4   90.32   16.70  59.46  36.02 225.5 10721900.MNS NANO 20190807212721.  318.     
 MTN117 4   91.18   22.32  48.04  43.72  90.0 T091001.356  A900 20190807212801.  331.     
 TAP066 3   91.19    5.24  10.78   6.10 120.0 C9921900.SMT SMTA 20190807212700.  335.     
 TAP084 4   91.35    9.74  24.30  38.70 227.7 24821900.MNS NANO 20190807212721.  342.     
 TCU175 4   91.47   11.74  41.42  24.76 229.5 45921900.MNS NANO 20190807212721.  309.     
 TCU028 4   91.51   18.72  74.34  47.94 234.2 17121900.MNS NANO 20190807212722.  289.     
 TCU026 4   91.61   13.18  32.56  26.42 232.4 31621900.MNS NANO 20190807212722.  294.     
 TAP049 4   91.63   20.52  37.70  41.56 233.7 10621900.MNS NANO 20190807212721.  329.     
 TCU202 2   91.68    3.20   4.74   3.66  60.0 C8621900.SMT SMTA 20190807212800.  234.     
 TCU176 4   92.69    8.50  27.68  18.80 225.3 46621900.MNS NANO 20190807212722.  315.     
 TCU006 4   93.10   11.64  26.24  22.20 220.6 12221900.MNS NANO 20190807212722.  304.     
 TAP128 4   93.11   19.76  33.54  23.28 240.0 N7221900.SMT SMTA 20190807212700.  330.     
 TAP055 4   93.18   23.32  36.82  27.80 219.4 13821900.MNS NANO 20190807212722.  330.     
 TCU083 4   93.26    9.04  36.78  20.18 180.0 C4721900.SMT SMTA 20190807212700.  309.     
 TCU197 3   93.46    7.62  18.16  14.36 240.0 O6521900.SMT SMTA 20190807212700.  284.     
 TCU094 3   93.68    8.76  19.34  15.94 228.4 18721900.MNS NANO 20190807212722.  293.     
 TCU127 3   93.75    7.90  16.22  24.30 120.0 G6821900.SMT SMTA 20190807212700.  283.     
 TCU169 4   93.78    5.96  52.20  38.80 120.0 F3721900.SMT SMTA 20190807212800.  267.     
 TAP050 5   94.13   25.60  47.22  87.60 225.2 21921900.MNS NANO 20190807212722.  327.     
 TAP040 4   94.29   23.82  30.84  32.88 214.6 10421900.MNS NANO 20190807212722.  330.     
 TCU095 4   94.35   11.72  64.34  41.70 229.5 58221900.MNS NANO 20190807212723.  287.     
 TCU008 4   94.55    8.70  28.84  22.52 227.6 17921900.MNS NANO 20190807212722.  312.     
 HWA044 2   94.84    1.54   4.16   4.22 182.0 32721903.MNS NANO 20190807212742.  204.     
 TCU027 3   95.14   13.34  19.22  21.10 220.2 36821900.MNS NANO 20190807212722.  297.     
 MTN147 2   95.31    3.48   5.22   5.24  66.0 T076001.356  A900 20190807212815.  254.     
 MTN180 3   95.31    3.98   8.38   7.92 192.9 43421900.MNS NANO 20190807212734.  267.     
 TAP122 3   97.51    5.64  10.42  11.62  60.0 C9621900.SMT SMTA 20190807212800.  342.     
 TCU017 3   97.91    7.96  13.64  14.80 120.0 D2521900.SMT SMTA 20190807212800.  293.     
 HWA071 2   98.13    2.46   4.08   3.76  60.0 C9521900.SMT SMTA 20190807212800.  210.     
 TCU010 4   98.15    5.28  31.64  22.42 300.0 L8821900.SMT SMTA 20190807212700.  310.     
 TCU160 3   98.65    4.84  12.16  14.82 240.0 M3221900.SMT SMTA 20190807212700.  316.     
 TRB038 2   98.73    2.42   5.58   4.38  45.0 03421900.CVA CVA  20190807212658.  210.     
 TCU018 4   98.91    9.08  26.88  26.02 218.0 14521900.MNS NANO 20190807212723.  300.     
 HWA005 2   99.05    3.16   6.68   6.54 201.1 37021901.MNS NANO 20190807212740.  210.     
 TCU203 3   99.36    3.68   8.46  19.88 240.0 N2321900.SMT SMTA 20190807212700.  260.     
 TAP123 3   99.74    5.26  10.58   6.42 240.0 O6621900.SMT SMTA 20190807212700.  341.     
 TCU177 4   99.75   10.34  26.40  38.98 217.4 44921900.MNS NANO 20190807212723.  284.     
 TAP083 3   99.88    4.92   8.38   5.34 210.1 24021900.MNS NANO 20190807212724.  336.     
 TCU005 3   99.92    6.24  15.42  21.26 226.5 33121900.MNS NANO 20190807212723.  318.     
 TCU022 4  100.09   17.26  38.96  24.84 232.2 18321900.MNS NANO 20190807212724.  291.     
 TCU043 4  100.13    9.60  25.94  48.02 209.1 21021900.MNS NANO 20190807212723.  286.     
 TCU081 4  100.52    9.68  20.36  37.64 120.0 C3721900.SMT SMTA 20190807212800.  296.     
 TCU164 4  100.79    8.30  27.20  27.82 300.0 M2821900.SMT SMTA 20190807212700.  295.     
 TCU045 3  100.91    4.20  12.58  13.84 207.7 52321900.MNS NANO 20190807212726.  277.     
 TCU001 3  101.14    5.26  16.14  15.96 226.5 31021900.MNS NANO 20190807212724.  306.     
 TCU020 4  102.00    6.10  26.52  26.00 234.5 20321900.MNS NANO 20190807212724.  296.     
 MTN177 3  102.16    5.82  11.94  13.52  68.0 T063001.356  A900 20190807212816.  268.     
 TCU003 3  102.79    7.48  21.94  18.20 245.1 11221900.MNS NANO 20190807212723.  311.     
 TCU187 4  102.85   13.02  51.88  62.72 240.0 N8221900.SMT SMTA 20190807212700.  284.     
 TRB003 3  103.31    7.96  23.88  21.24  69.0 01321900.CVA CVA  20190807212837.  293.     
 TCU096 4  103.37    8.24  36.82  35.56 227.9 15221900.MNS NANO 20190807212724.  292.     
 TCU015 4  103.82   14.64  34.64  36.00 231.3 16921900.MNS NANO 20190807212724.  290.     
 TCU016 4  104.35    7.02  24.22  29.60 230.8 44721900.MNS NANO 20190807212724.  294.     
 TCU152 3  104.92    6.86  15.06  24.62 300.0 B7121900.SMT SMTA 20190807212700.  293.     
 MTN167 2  105.98    2.88   4.52   5.20 192.0 11821900.MNS NANO 20190807212737.  240.     
 MTN178 3  106.29    7.52  17.98  17.34 221.5 53921900.MNS NANO 20190807212726.  265.     
 TCU046 3  106.35    3.16   6.98  10.00 240.0 L6321900.SMT SMTA 20190807212700.  272.     
 TCU019 3  106.58    5.24  16.04  18.56 225.7 13421900.MNS NANO 20190807212724.  299.     
 TCU002 3  106.73    5.48  12.02  16.18 238.7 32321900.MNS NANO 20190807212724.  308.     
 TCU097 3  106.84    5.88  17.76  24.24 197.9 21221900.MNS NANO 20190807212738.  291.     
 MTN148 2  107.05    2.68   4.24   3.72  61.0 T014001.356  A900 20190807212824.  254.     
 TCU189 2  107.12    2.54   4.80   3.88 240.0 O5821900.SMT SMTA 20190807212700.  254.     
 TCU192 3  107.33    4.72  11.70  17.26 300.0 N2021900.SMT SMTA 20190807212700.  309.     
 TCU168 3  107.71    4.28  14.94  22.74 120.0 D2621900.SMT SMTA 20190807212800.  306.     
 TCU034 4  108.14   11.44  34.22  27.40 236.4 56621900.MNS NANO 20190807212724.  282.     
 HWA034 2  108.14    2.36   4.24   4.38 196.9 39121901.MNS NANO 20190807212739.  210.     
 TCU033 3  108.78    3.42  23.24  17.62 120.0 D4421900.SMT SMTA 20190807212800.  285.     
 TCU074 2  108.89    2.78   4.80   4.98 240.0 L5221900.SMT SMTA 20190807212400.  241.     
 TCU154 4  109.32    6.88  22.04  25.20 300.0 L6621900.SMT SMTA 20190807212700.  278.     
 TCU032 3  110.60    6.04  13.04  11.34 231.0 52821900.MNS NANO 20190807212726.  275.     
 TCU132 3  110.68    7.04  16.12  16.68 300.0 N5121900.SMT SMTA 20190807212700.  278.     
 TCU069 3  111.18    3.68  11.16   9.48 215.8 57121900.MNS NANO 20190807212731.  260.     
 TRB004 3  111.19    6.32  17.52  20.24  64.0 00421900.CVA CVA  20190807212753.  278.     
 TCU042 3  111.69    7.30  17.26  18.74 300.0 L7221900.SMT SMTA 20190807212700.  277.     
 TCU148 2  112.55    3.18   4.56   3.64  60.0 B9602500.SMT SMTA 20190807212800.  242.     
 MND001 3  113.70    4.14   8.50   7.90  43.0 T499001.219  A900 20190807212821.  259.     
 TCU200 3  113.95   10.20  17.78  16.10 300.0 O1221900.SMT SMTA 20190807212700.  276.     
 TCU174 3  114.38    4.32   8.04   8.20 207.5 48421900.MNS NANO 20190807212742.  258.     
 MTN150 3  114.44    4.30   8.24   9.58  69.0 T043001.356  A900 20190807212823.  258.     
 TCU035 3  114.45    9.86  14.56  18.44 196.3 55321900.MNS NANO 20190807212741.  280.     
 TCU087 3  114.93    4.96  10.66   5.92 120.0 J0821900.SMT SMTA 20190807212800.  265.     
 TRB006 3  115.17    7.50  19.64  15.16  53.0 03721900.CVA CVA  20190807212801.  269.     
 TCU072 2  115.51    2.38   3.78   6.10 240.0 O2821900.SMT SMTA 20190807212700.  248.     
 TCU128 3  115.63    7.40  20.12  12.48 120.0 B8321900.SMT SMTA 20190807212800.  269.     
 TCU044 3  116.13    5.70  22.50  11.06 240.0 O1921900.SMT SMTA 20190807212700.  268.     
 TCU142 2  116.46    1.96   3.70   5.94 240.0 O1421900.SMT SMTA 20190807212700.  244.     
 TCU068 3  116.67    3.84   8.28   7.48 203.9 53721900.MNS NANO 20190807212742.  261.     
 HWA036 2  117.36    1.60   3.88   2.90 180.5 35421900.MNS NANO 20190807212746.  208.     
 TCU029 3  117.54    4.42   9.90   8.16 186.3 57221900.MNS NANO 20190807212744.  277.     
 TCU084 2  118.89    1.78   4.46   5.40 120.0 C0321900.SMT SMTA 20190807212800.  239.     
 TCU052 2  120.87    3.60   6.28   6.20 300.0 M0721900.SMT SMTA 20190807212700.  257.     
 HWA037 2  121.01    4.46   6.30   5.54 195.6 38321900.MNS NANO 20190807212749.  206.     
 MTN151 3  121.14    6.76  13.18   8.76  80.0 T098001.219  A900 20190807212819.  257.     
 TCU102 2  121.66    4.06   6.64   7.98 201.3 55721900.MNS NANO 20190807212743.  260.     
 TCU103 2  122.03    0.00   4.55   4.15 193.3 20721900.MNS NANO 20190807212743.  263.     
 TCU036 3  122.17    5.46  15.20  12.58 300.0 L8421900.SMT SMTA 20190807212700.  271.     
 TCU156 2  122.38    2.60   4.10   3.42 240.0 L9821900.SMT SMTA 20190807212700.  261.     
 TCU101 2  122.96    2.36   3.80   4.48 240.0 L8221900.SMT SMTA 20190807212700.  260.     
 TCU058 2  123.21    2.12   4.48   4.70 240.0 M0021900.SMT SMTA 20190807212700.  260.     
 TCU041 3  123.22    5.22  20.64  11.36 206.2 48121900.MNS NANO 20190807212743.  268.     
 TCU071 2  123.80    1.72   4.34   6.92 189.7 47121900.MNS NANO 20190807212745.  246.     
 TCU037 3  124.44    4.46  10.06   9.88 213.3 13021900.MNS NANO 20190807212743.  273.     
 TCU170 2  124.76    2.02   7.24   6.94 189.1 45121900.MNS NANO 20190807212745.  256.     
 TCU066 2  124.78    2.56   5.22   5.98 188.9 55121900.MNS NANO 20190807212744.  259.     
 TCU049 2  126.12    1.76   6.18   6.12 189.9 55421900.MNS NANO 20190807212745.  257.     
 TCU040 3  127.22    5.52  13.24  12.98 300.0 N1921900.SMT SMTA 20190807212700.  271.     
 TCU099 3  127.28    1.72   9.88   5.94 193.2 44821900.MNS NANO 20190807212745.  255.     
 MND007 3  127.33    2.80   8.10   7.86  37.0 T507001.356  A900 20190807212822.  255.     
 TTN031 2  127.83    1.66   3.64   3.22 186.9 54921901.MNS NANO 20190807212744.  201.     
 TCU053 2  127.83    2.08   6.96   3.26 187.3 24121900.MNS NANO 20190807212745.  258.     
 TCU135 3  127.95    3.58  11.72  10.30 199.2 47521900.MNS NANO 20190807212745.  265.     
 TCU054 3  128.04    2.48  10.40   6.40 190.6 23821900.MNS NANO 20190807212745.  256.     
 TCU082 3  128.50    1.62   9.10   4.72 120.0 C4521900.SMT SMTA 20190807212800.  255.     
 TCU172 3  128.78    1.76   9.70   5.16 190.1 59521900.MNS NANO 20190807212746.  255.     
 TCU205 3  129.12    3.40  10.68  10.50 240.0 N8021900.SMT SMTA 20190807212700.  266.     
 TCU065 3  129.87    3.94  12.94   9.56 223.8 16521900.MNS NANO 20190807212737.  251.     
 MTN170 2  130.37    2.30   3.24   5.30 184.3 41621900.MNS NANO 20190807212747.  235.     
 TCU051 3  130.53    1.40   9.56   4.64 190.6 17721900.MNS NANO 20190807212746.  256.     
 TCU157 2  130.54    3.24   7.58   5.82 240.0 N0421900.SMT SMTA 20190807212700.  250.     
 TCU064 3  131.28    2.32   8.62   5.52 240.0 L4621900.SMT SMTA 20190807212700.  266.     
 TCU143 3  131.80    5.00   6.36   8.98 214.1 57821900.MNS NANO 20190807212746.  242.     
 TCU050 2  131.80    1.72   6.96   3.46 192.5 51121900.MNS NANO 20190807212746.  258.     
 TCU173 2  132.22    2.18   5.64   5.26 199.2 48921900.MNS NANO 20190807212747.  254.     
 TCU077 2  132.54    1.98   3.08   3.70 194.4 49721900.MNS NANO 20190807212746.  239.     
 TCU165 2  133.03    2.60   6.98   4.28 240.0 L7721900.SMT SMTA 20190807212700.  255.     
 TAP112 2  133.11    4.92   3.24   3.30  60.0 J0721900.SMT SMTA 20190807212800.    7.     
 TCU100 3  133.35    1.72   8.86   4.70 240.0 L5421900.SMT SMTA 20190807212700.  258.     
 TCU075 2  133.96    1.88   5.90   4.08 120.0 F0721900.SMT SMTA 20190807212800.  248.     
 TCU057 3  134.18    1.92   8.72   5.90 240.0 L5821900.SMT SMTA 20190807212700.  257.     
 TCU171 3  134.46    2.56  11.22   8.28 205.3 49621900.MNS NANO 20190807212747.  266.     
 TCU134 3  134.55    4.18  12.60  11.02 222.0 19621900.MNS NANO 20190807212732.  255.     
 TCU125 3  134.92    3.14   8.00   9.54 210.7 21821900.MNS NANO 20190807212747.  247.     
 TCU204 2  135.14    2.42   6.38   3.44 240.0 L8321900.SMT SMTA 20190807212700.  233.     
 TCU063 2  135.54    2.90   6.20   5.66 204.7 58121900.MNS NANO 20190807212747.  254.     
 TCU150 3  135.69    3.68   8.66  13.92 198.8 42821900.MNS NANO 20190807212749.  244.     
 TCU124 3  136.60    4.04   9.70   9.58 240.0 L7521900.SMT SMTA 20190807212700.  245.     
 TCU059 3  137.03    7.72  15.88  12.06 203.5 51821900.MNS NANO 20190807212748.  262.     
 TCU076 2  137.71    2.76   5.42   5.40 185.9 22221900.MNS NANO 20190807212749.  245.     
 TCU105 2  137.92    2.64   7.16   5.56 240.0 N1821900.SMT SMTA 20190807212700.  261.     
 TCU159 2  137.97    2.96   5.36   5.02 120.0 D5221900.SMT SMTA 20190807212800.  245.     
 TCU199 2  138.06    2.22   3.38   4.20 240.0 N5721900.SMT SMTA 20190807212700.  240.     
 TCU166 2  138.35    2.08   6.20   5.08 120.0 B8221900.SMT SMTA 20190807212800.  243.     
 TCU129 2  138.36    2.12   4.80   6.42 120.0 C4121900.SMT SMTA 20190807212800.  243.     
 TCU196 2  138.88    1.44   3.04   4.52 120.0 D7721900.SMT SMTA 20190807212800.  229.     
 TCU184 2  140.12    3.04   6.62   0.00 191.7 50021900.MNS NANO 20190807212749.  237.     
 TCU109 3  140.51    3.92   6.56   8.04 212.7 12821900.MNS NANO 20190807212747.  254.     
 TCU149 3  142.09    4.02  15.42   6.78 120.0 C3821900.SMT SMTA 20190807212800.  262.     
 TCU201 2  142.81    2.80   6.70   7.32 300.0 L9021900.SMT SMTA 20190807212700.  254.     
 CHY121 2  142.83    1.60   4.10   5.32 120.0 F3521900.SMT SMTA 20190807212800.  223.     
 HWA041 2  143.72    1.88   2.60   2.58 181.2 32921900.MNS NANO 20190807212759.  205.     
 TCU167 3  144.14    3.56   9.26   8.66 300.0 O2421900.SMT SMTA 20190807212700.  234.     
 TCU107 3  144.15    4.46   8.82   8.22 300.0 L7621900.SMT SMTA 20190807212700.  254.     
 TCU138 2  144.54    4.10   4.70   5.48 193.6 47921900.MNS NANO 20190807212749.  247.     
 TRB019 2  144.59    4.00   5.84   7.40  65.0 00721900.CVA CVA  20190807212839.  254.     
 TCU126 2  145.01    2.48   5.28   7.82 190.3 24621900.MNS NANO 20190807212749.  239.     
 TCU158 3  145.48    4.24  10.60  10.04 300.0 N3221900.SMT SMTA 20190807212700.  254.     
 TCU123 3  145.58    3.40  10.02  14.02 226.5 37221900.MNS NANO 20190807212749.  251.     
 TCU180 3  146.99    4.42  11.12  10.86 230.1 54521900.MNS NANO 20190807212749.  250.     
 TCU111 2  148.06    3.36   7.92   6.14 218.1 30421900.MNS NANO 20190807212750.  256.     
 TRB020 2  148.12    2.50   4.56   6.16  45.0 01121900.CVA CVA  20190807212827.  242.     
 TCU194 2  148.39    1.70   3.34   6.68 240.0 N5021900.SMT SMTA 20190807212700.  225.     
 TCU122 2  148.39    2.74   4.92   6.40 189.9 57021900.MNS NANO 20190807212751.  242.     
 TCU179 3  149.55    3.14  12.58   8.50 227.9 46221900.MNS NANO 20190807212750.  253.     
 TCU139 3  149.63    4.40   9.88  12.20 212.7 38521900.MNS NANO 20190807212750.  248.     
 CHY024 2  151.64    2.30   4.46   0.00 191.3 11121900.MNS NANO 20190807212751.  240.     
 CHY074 2  151.69    1.24   3.86   4.84 120.0 G7221900.SMT SMTA 20190807212800.  227.     
 TCU144 2  153.85    2.06   7.32   6.02 300.0 O4921900.SMT SMTA 20190807212700.  255.     
 TCU162 3  154.16    5.04   7.66  14.22 206.4 11721900.MNS NANO 20190807212752.  246.     
 TCU090 2  154.67    2.52   5.68   4.44 189.2 22821900.MNS NANO 20190807212753.  236.     
 TCU112 2  156.04    2.74   6.78   5.90 218.5 18921900.MNS NANO 20190807212752.  254.     
 CHY080 2  156.10    2.52   6.66   7.04 240.0 O1621900.SMT SMTA 20190807212700.  233.     
 CHY083 3  156.12    2.88  10.50   6.98 120.0 C0021900.SMT SMTA 20190807212800.  240.     
 TCU118 2  157.71    3.04   7.96   7.04 233.8 31921900.MNS NANO 20190807212752.  252.     
 TCU178 2  158.66    2.64   6.12   6.66 211.3 59421900.MNS NANO 20190807212752.  253.     
 CHY025 3  158.75    2.76   5.30   9.58 204.4 21121900.MNS NANO 20190807212753.  243.     
 CHY028 2  159.00    2.32   4.86   5.40 120.0 C9321900.SMT SMTA 20190807212800.  236.     
 TCU121 3  159.15    3.60   6.72  10.98 229.8 34421900.MNS NANO 20190807212753.  248.     
 CHY101 2  159.64    3.78   6.46   6.34 120.0 C0121900.SMT SMTA 20190807212800.  239.     
 TRB026 3  160.63    3.24  10.08  10.72  66.0 03921900.CVA CVA  20190807212727.  240.     
 CHY003 3  160.70    2.62   7.62  11.52 120.0 D5321900.SMT SMTA 20190807212800.  240.     
 TCU141 3  160.79    2.88   7.48  14.32 219.6 59621900.MNS NANO 20190807212753.  245.     
 CHY103 3  161.51    3.30   8.86   8.90 120.0 D6021900.SMT SMTA 20190807212800.  240.     
 MTN158 2  161.74    2.60   3.74   4.72 188.3 42721900.MNS NANO 20190807212757.  216.     
 CHY150 2  162.19    3.66   6.74   7.84 300.0 L9221900.SMT SMTA 20190807212700.  239.     
 CHY126 3  162.30    3.28   9.04   9.80 300.0 O5721900.SMT SMTA 20190807212700.  240.     
 TCU183 3  163.94    2.48   5.28  11.66 212.8 54621900.MNS NANO 20190807212753.  248.     
 TCU113 3  165.29    2.60   7.58  10.42 222.4 13921900.MNS NANO 20190807212754.  249.     
 TCU208 3  166.46    3.48   8.46  11.78 120.0 F2221900.SMT SMTA 20190807212800.  249.     
 CHY084 3  166.68    2.46   8.76  12.38 200.6 30221900.MNS NANO 20190807212757.  242.     
 CHY029 2  166.77    2.16   4.06   4.80 193.0 18121900.MNS NANO 20190807212756.  237.     
 TCU145 2  166.87    1.82   5.20   4.20 227.0 55221900.MNS NANO 20190807212754.  252.     
 CHY006 2  166.90    4.22   4.98   4.32 200.1 54021900.MNS NANO 20190807212756.  235.     
 CHY035 2  168.28    2.98   4.78   5.10 193.6 35021900.MNS NANO 20190807212756.  233.     
 CHY104 3  169.05    2.50   6.68   9.96 235.3 11421900.MNS NANO 20190807212755.  240.     
 TCU119 2  171.20    1.94   5.70   7.06 227.5 13721900.MNS NANO 20190807212755.  251.     
 TTN023 2  171.22    1.04   2.88   2.62 190.1 41921900.MNS NANO 20190807212815.  206.     
 CHY034 3  171.34    2.60   8.08   4.70 300.0 N2421900.SMT SMTA 20190807212700.  234.     
 CHY036 3  171.43    2.02   9.18   6.04 300.0 N2921900.SMT SMTA 20190807212700.  238.     
 CHY041 2  172.80    3.00   5.78   5.76 300.0 M3721900.SMT SMTA 20190807212700.  230.     
 CHY139 3  174.11    3.22  10.22   8.36 211.1 50521900.MNS NANO 20190807212756.  240.     
 CHY152 3  175.51    2.12   5.60  11.94 300.0 M3021900.SMT SMTA 20190807212700.  242.     
 TCU086 2  176.55    1.86   4.94   5.34 120.0 B9421900.SMT SMTA 20190807212800.  249.     
 CHY005 2  176.88    1.52   5.24   7.96 217.0 37121900.MNS NANO 20190807212757.  239.     
 CHY133 2  177.10    3.52   7.40   6.70 120.0 D5821900.SMT SMTA 20190807212800.  236.     
 CHY132 2  177.80    3.02   5.72   5.84  47.0 17035600.CVA CVA  20190807212901.  233.     
 CHY038 2  178.53    2.10   4.46   4.30 200.1 37621900.MNS NANO 20190807212759.  236.     
 CHY037 2  179.52    2.26   4.90   6.34 240.0 O4821900.SMT SMTA 20190807212800.  237.     
 CHY144 3  179.59    2.26   5.60   8.50 204.7 46921900.MNS NANO 20190807212758.  239.     
 CHY046 3  180.99    2.42   8.78   6.36  48.0 18235600.CVA CVA  20190807212900.  234.     
 CHY047 2  181.12    2.08   5.70   7.80 205.7 32821900.MNS NANO 20190807212758.  235.     
 CHY119 2  181.53    2.28   5.10   4.06 300.0 N6821900.SMT SMTA 20190807212700.  234.     
 MND017 2  181.87    2.70   7.54   5.86  53.0 05135600.CVA CVA  20190807212902.  235.     
 CHY087 2  182.68    1.68   3.40   3.88 188.7 45321900.MNS NANO 20190807212801.  230.     
 CHY073 2  182.86    1.48   4.74   6.36 120.0 D3821900.SMT SMTA 20190807212800.  235.     
 TRB024 2  183.32    0.00   4.12   6.55  44.0 04321900.CVA CVA  20190807212757.  235.     
 CHY014 2  184.35    1.86   4.98   4.70 120.0 D7021900.SMT SMTA 20190807212800.  227.     
 CHY027 2  184.62    2.30   4.24   6.10 187.8 58921900.MNS NANO 20190807212758.  246.     
 CHY111 2  184.83    1.88   7.24   7.76 120.0 D3200400.SMT SMTA 20190807212800.  247.     
 CHY117 2  185.17    2.90   5.30   7.86 120.0 C3421900.SMT SMTA 20190807212800.  248.     
 CHY102 1  186.12    0.60   1.10   1.06 120.0 D6121900.SMT SMTA 20190807212800.  225.     
 TRB025 2  186.24    1.72   5.34   5.52  46.0 03821900.CVA CVA  20190807212836.  234.     
 CHY105 2  186.73    2.06   6.52   6.40 205.0 34121900.MNS NANO 20190807212759.  238.     
 CHY001 2  187.30    2.30   6.64   6.16 194.0 19921900.MNS NANO 20190807212759.  244.     
 CHY106 2  188.21    1.34   5.92   7.98 211.2 30821900.MNS NANO 20190807212800.  234.     
 CHY039 2  188.32    1.94   4.76   5.32  45.0 17735600.CVA CVA  20190807212911.  237.     
 CHY032 2  189.25    2.56   5.60   5.06 206.2 17321900.MNS NANO 20190807212800.  240.     
 CHY076 2  192.47    2.18   7.68   7.24 120.0 B8021900.SMT SMTA 20190807212800.  243.     
 CHY112 2  192.55    3.04   7.02   6.36 192.2 12721900.MNS NANO 20190807212800.  245.     
 CHY088 2  192.56    2.00   6.02   5.04 202.0 15521900.MNS NANO 20190807212802.  231.     
 CHY015 2  193.89    1.98   3.72   5.02 212.6 52521900.MNS NANO 20190807212804.  232.     
 CHY095 2  193.97    1.54   3.68   5.44 196.2 51221900.MNS NANO 20190807212802.  236.     
 CHY043 2  196.74    1.02   6.28   5.04 204.9 52921900.MNS NANO 20190807212803.  235.     
 CHY049 2  196.87    2.16   4.10   5.12 204.3 59221900.MNS NANO 20190807212803.  233.     
 CHY120 2  196.99    1.98   5.06   5.94 240.0 N6921900.SMT SMTA 20190807212800.  237.     
 CHY033 2  198.10    1.70   6.20   7.62 195.2 20621900.MNS NANO 20190807212803.  240.     
 CHY155 2  198.82    1.58   3.72   7.42 120.0 G6921900.SMT SMTA 20190807212800.  239.     
 CHY004 3  198.91    1.72   4.96   8.44 189.1 16321900.MNS NANO 20190807212802.  242.     
 CHY123 2  200.07    1.50   5.40   4.36 191.8 56421900.MNS NANO 20190807212804.  238.     
 CHY153 2  204.33    1.34   4.36   4.78 240.0 N5821900.SMT SMTA 20190807212800.  234.     
 CHY122 2  204.36    1.32   4.80   3.48 240.0 M2521900.SMT SMTA 20190807212800.  233.     
 CHY054 2  204.87    1.44   4.30   2.86  44.0 15535600.CVA CVA  20190807212921.  232.     
 CHY013 2  205.07    1.16   3.96   3.46 211.0 31221900.MNS NANO 20190807212805.  234.     
 CHY113 2  206.07    1.54   6.84   6.24 210.3 12921900.MNS NANO 20190807212805.  237.     
 CHY107 2  206.90    1.32   3.76   2.72 187.3 34621900.MNS NANO 20190807212806.  232.     
 CHY100 2  207.89    1.48   2.30   3.26 179.9 50321900.MNS NANO 20190807212817.  230.     
 CHY145 2  208.89    1.66   6.04   6.32 202.2 49921900.MNS NANO 20190807212806.  239.     
 CHY134 2  209.89    1.10   4.48   5.66 120.0 D9321900.SMT SMTA 20190807212800.  235.     
 CHY055 2  210.67    0.92   4.22   3.64 194.7 38921900.MNS NANO 20190807212805.  232.     
 CHY044 2  212.01    1.30   3.88   3.46 240.0 N5621900.SMT SMTA 20190807212800.  237.     
 CHY017 2  214.48    0.84   2.54   1.96 180.3 37421900.MNS NANO 20190807212830.  231.     
 CHY146 2  218.07    0.90   2.56   2.54 179.6 49421900.MNS NANO 20190807212831.  230.     
 CHY140 2  220.98    1.20   2.80   3.78 184.1 48821900.MNS NANO 20190807212820.  233.     
 KAU105 2  222.11    0.94   2.98   2.24 194.5 50721900.MNS NANO 20190807212818.  222.     
 CHY056 2  222.33    0.94   3.76   2.78 196.3 56821900.MNS NANO 20190807212821.  234.     
 CHY016 2  223.30    1.00   2.38   2.96 181.3 32621900.MNS NANO 20190807212821.  233.     
 CHY141 2  227.08    0.86   2.30   2.88 180.3 48321900.MNS NANO 20190807212831.  230.     
 CHY143 2  227.16    1.18   3.36   3.16 190.9 51321900.MNS NANO 20190807212812.  224.     
 CHY020 2  231.72    0.74   2.24   2.84 180.5 35221900.MNS NANO 20190807212832.  230.     
 CHY023 2  232.19    0.78   2.88   1.98 180.1 51521900.MNS NANO 20190807212815.  225.     
 CHY065 2  232.48    1.04   2.80   3.18 180.0 55021900.MNS NANO 20190807212820.  223.     
 ILA050 5   16.33   52.54 162.64 154.24 120.0 F0821900.SMT SMTA 20190807212700.  266.     
 HWA019 3   59.29    5.14  12.26  12.08 180.0 E9921900.SMT SMTA 20190807212700.  210.     
 HWA019 3   59.29    5.40  12.80  12.26  90.0 19221900.CVA CVA  20190807212748.  210.     
 TAP117 4   74.15   13.32  61.82  39.00 180.0 D3321900.SMT SMTA 20190807212700.  330.     
 TAP117 4   74.15   25.86  57.26  29.52  72.0 98135600.EVT ETNA 20190807212758.  330.     
 TAP001 4   77.72   45.58  75.86  37.30 180.0 G6721900.SMT SMTA 20190807212700.  329.     
 TAP007 4   80.99   28.24  74.70  73.76 180.0 C7921900.SMT SMTA 20190807212700.  331.     
 TCU054 3  128.04    2.38   9.86   7.02  37.0 T453001.356  A900 20190807212525.  256.     
 TCU076 2  137.71    2.72   5.20   5.22  60.0 D9804700.SMT SMTA 20190807212800.  245.     
