HWA047	24.125	121.6548	140	5	24.1006833333	121.729666667	6.31	6.26	543.675244654	141.0	8.09	213.3	239.86	216.54	126.0	14003708.CVA	CVA	2.0180206155e+13	290.0
HWA025	24.1617	121.6522	176	5	24.1006833333	121.729666667	6.31	6.26	483.09178744	85.7662	10.38	143.06	182.0	135.4	263.0	17603727.MNS	NANO	2.01802061549e+13	311.0
HWA026	24.1167	121.6245	390	6	24.1006833333	121.729666667	6.31	6.26	460.9357	111.1	10.87	180.26	158.06	274.6	262.3	39003719.MNS	NANO	2.01802061549e+13	280.0
HWA046	24.1467	121.6292	380	6	24.1006833333	121.729666667	6.31	6.26	643.7078	119.5	11.47	267.32	214.32	315.84	262.2	38003722.MNS	NANO	2.01802061549e+13	297.0
HWA057	24.1583	121.623	320	7	24.1006833333	121.729666667	6.31	6.26	814.87	8.3	12.6	172.76	593.98	243.4	180.0	D2003710.SMT	SMTA	2.0180206155e+13	301.0
HWA023	24.08	121.6045	488	5	24.1006833333	121.729666667	6.31	6.26	623.13	32.0	12.91	180.58	185.78	190.52	180.0	E8803703.SMT	SMTA	2.0180206155e+13	260.0
MND006	24.015	121.623	497	7	24.1006833333	121.729666667	6.31	6.26	0.0	0.0	14.31	349.62	415.0	263.58	90.0	T497006.037	A900	2.0180206155e+13	229.0
HWA027	24.0533	121.5985	396	6	24.1006833333	121.729666667	6.31	6.26	434.5623	48.1	14.32	237.0	298.26	372.36	275.1	39603708.MNS	NANO	2.01802061549e+13	249.0
HWA028	24.0133	121.6095	335	7	24.1006833333	121.729666667	6.31	6.26	404.9129	221.1	15.52	414.84	253.48	275.02	325.3	33503703.MNS	NANO	2.01802061549e+13	232.0
HWA012	23.9917	121.6313	137	6	24.1006833333	121.729666667	6.31	6.26	409.7805	118.0	15.65	338.44	280.66	279.52	158.0	13703702.CVA	CVA	2.0180206155e+13	220.0
HWA009	23.99	121.6223	132	6	24.1006833333	121.729666667	6.31	6.26	461.071508089	94.0	16.39	317.64	262.04	250.1	323.0	13203702.CVA	CVA	2.0180206155e+13	222.0
MND025	24.0267	121.5888	575	6	24.1006833333	121.729666667	6.31	6.26	0.0	0.0	16.44	316.56	381.74	283.76	90.0	T575006.037	A900	2.0180206155e+13	241.0
HWA007	23.985	121.6262	125	6	24.1006833333	121.729666667	6.31	6.26	378.853107016	99.0	16.45	260.02	244.64	289.5	157.0	12503702.CVA	CVA	2.0180206155e+13	220.0
TRB042	24.0	121.6038	025	5	24.1006833333	121.729666667	6.31	6.26	0.0	0.0	16.95	219.22	187.0	204.34	164.0	02503702.CVA	CVA	2.0180206155e+13	229.0
HWA062	23.9783	121.6198	675	5	24.1006833333	121.729666667	6.31	6.26	605.693519079	204.0	17.45	213.78	202.64	209.2	180.0	G7503703.SMT	SMTA	2.0180206155e+13	220.0
MND016	23.9767	121.6158	060	6	24.1006833333	121.729666667	6.31	6.26	0.0	0.0	17.91	266.2	270.6	300.18	157.0	06003701.CVA	CVA	2.01802061551e+13	220.0
HWA008	23.9867	121.603	122	6	24.1006833333	121.729666667	6.31	6.26	297.02970297	202.0	17.99	330.88	336.82	230.46	172.0	12203702.CVA	CVA	2.0180206155e+13	226.0
HWA011	23.995	121.5948	131	6	24.1006833333	121.729666667	6.31	6.26	360.83714217	311.0	18.0	327.18	199.26	248.0	159.0	13103702.CVA	CVA	2.0180206155e+13	230.0
HWA048	24.0083	121.5805	121	6	24.1006833333	121.729666667	6.31	6.26	349.7937	255.0	18.22	271.4	303.32	204.6	160.0	12103700.CVA	CVA	2.0180206155e+13	236.0
HWA019	23.975	121.6135	499	7	24.1006833333	121.729666667	6.31	6.26	503.524672709	216.1	18.26	226.0	421.26	386.76	180.0	E9903702.SMT	SMTA	2.0180206155e+13	220.0
HWA063	23.9933	121.593	362	6	24.1006833333	121.729666667	6.31	6.26	288.926347075	257.6152	18.28	253.34	253.88	215.58	299.1	36203703.MNS	NANO	2.01802061549e+13	230.0
HWA010	23.9783	121.6027	135	6	24.1006833333	121.729666667	6.31	6.26	249.677499896	186.0	18.72	282.88	196.58	314.08	157.0	13503702.CVA	CVA	2.01802061549e+13	224.0
HWA050	23.9867	121.5908	118	6	24.1006833333	121.729666667	6.31	6.26	343.439358	188.8793	18.86	337.0	198.2	279.04	157.0	11803702.CVA	CVA	2.0180206155e+13	228.0
HWA014	23.97	121.6057	136	6	24.1006833333	121.729666667	6.31	6.26	279.955207167	267.0	19.1	397.16	218.78	316.88	173.0	13603702.CVA	CVA	2.0180206155e+13	221.0
HWA013	23.975	121.5985	133	6	24.1006833333	121.729666667	6.31	6.26	336.757029803	330.4	19.24	323.7	220.92	315.88	158.0	13303701.CVA	CVA	2.01802061549e+13	224.0
HWA049	23.9917	121.5645	126	6	24.1006833333	121.729666667	6.31	6.26	509.337860781	203.0	20.59	262.84	240.68	316.88	155.0	12603700.CVA	CVA	2.01802061549e+13	235.0
TRB043	24.2967	121.7532	022	4	24.1006833333	121.729666667	6.31	6.26	0.0	0.0	21.84	39.84	58.84	46.96	77.0	02203702.CVA	CVA	2.0180206155e+13	6.0
HWA015	23.9717	121.5627	337	5	24.1006833333	121.729666667	6.31	6.26	445.5997	244.0	22.11	232.52	185.16	175.2	180.0	D3703701.SMT	SMTA	2.0180206155e+13	230.0
HWA016	23.9617	121.5685	127	6	24.1006833333	121.729666667	6.31	6.26	579.598145286	51.4122	22.38	258.7	161.24	198.6	90.0	12703700.CVA	CVA	2.0180206155e+13	227.0
HWA045	24.3083	121.7495	309	5	24.1006833333	121.729666667	6.31	6.26	472.77598298	179.0	23.16	74.76	97.74	106.2	120.0	D0903709.SMT	SMTA	2.0180206155e+13	5.0
HWA017	23.9467	121.547	134	6	24.1006833333	121.729666667	6.31	6.26	584.6815	60.0	25.11	226.72	213.02	295.48	136.0	13403700.CVA	CVA	2.0180206145e+13	228.0
HWA060	23.9033	121.6017	538	7	24.1006833333	121.729666667	6.31	6.26	555.88	36.0	25.43	280.8	462.74	478.34	180.0	F3803702.SMT	SMTA	2.0180206155e+13	211.0
HWA058	23.965	121.4928	532	6	24.1006833333	121.729666667	6.31	6.26	525.6702	71.0	28.34	158.8	302.04	260.74	180.0	F3203701.SMT	SMTA	2.0180206155e+13	238.0
HWA018	23.9033	121.5325	111	5	24.1006833333	121.729666667	6.31	6.26	462.5699	224.0	29.56	96.46	93.44	98.2	90.0	11103700.CVA	CVA	2.0180206145e+13	223.0
MTN160	24.205	121.4517	431	4	24.1006833333	121.729666667	6.31	6.26	0.0	0.0	30.59	28.4	40.9	33.76	211.1	43103702.MNS	NANO	2.01802061549e+13	293.0
HWA051	23.8667	121.5568	117	7	24.1006833333	121.729666667	6.31	6.26	449.7421	67.0	31.23	189.32	470.12	333.42	104.0	11703702.CVA	CVA	2.0180206155e+13	214.0
MTN163	24.0067	121.424	046	5	24.1006833333	121.729666667	6.31	6.26	0.0	0.0	32.78	65.08	93.4	49.84	90.0	T046001.037	A900	2.0180206155e+13	251.0
MTN164	24.0067	121.416	158	4	24.1006833333	121.729666667	6.31	6.26	0.0	0.0	33.52	14.68	30.84	15.54	90.0	T158001.037	A900	2.0180206155e+13	252.0
ILA050	24.425	121.749	634	7	24.1006833333	121.729666667	6.31	6.26	626.57	36.0	36.07	69.44	454.22	262.9	95.0	63403709.EVT	K2	2.01802061552e+13	3.0
MTN168	24.1917	121.3842	117	5	24.1006833333	121.729666667	6.31	6.26	0.0	0.0	36.54	45.98	76.4	109.12	90.0	T117003.037	A900	2.0180206155e+13	286.0
HWA001	23.7883	121.563	305	5	24.1006833333	121.729666667	6.31	6.26	565.184626978	68.0	38.46	93.86	183.94	228.78	237.3	30503702.MNS	NANO	2.0180206155e+13	206.0
ILA066	24.445	121.7783	340	4	24.1006833333	121.729666667	6.31	6.26	477.63	34.0	38.48	21.86	64.74	58.84	120.0	D4003704.SMT	SMTA	2.0180206155e+13	7.0
HWA052	23.8183	121.4737	129	4	24.1006833333	121.729666667	6.31	6.26	576.4802	90.1	40.62	36.06	53.84	35.0	71.0	12903700.CVA	CVA	2.0180206155e+13	220.0
TRB044	24.4633	121.801	018	4	24.1006833333	121.729666667	6.31	6.26	0.0	0.0	40.83	28.52	32.92	23.0	82.0	01803702.CVA	CVA	2.01802061549e+13	10.0
ILA062	24.465	121.8008	230	4	24.1006833333	121.729666667	6.31	6.26	759.04	11.0	41.14	18.28	28.4	30.74	300.0	M3003702.SMT	SMTA	2.01802061549e+13	10.0
ILA065	24.47	121.7777	491	4	24.1006833333	121.729666667	6.31	6.26	566.4118	13.0	41.27	33.82	52.82	57.8	120.0	E9103702.SMT	SMTA	2.0180206155e+13	7.0
ILA064	24.4733	121.7852	357	4	24.1006833333	121.729666667	6.31	6.26	740.01	9.0	41.7	19.14	30.4	32.36	120.0	D5703701.SMT	SMTA	2.0180206155e+13	8.0
MTN145	24.18	121.3123	423	4	24.1006833333	121.729666667	6.31	6.26	0.0	0.0	43.34	36.92	52.24	46.14	230.1	42303702.MNS	NANO	2.0180206155e+13	282.0
HWA020	23.8117	121.4417	494	5	24.1006833333	121.729666667	6.31	6.26	629.590766002	10.8	43.37	30.4	64.78	89.12	120.0	E9403700.SMT	SMTA	2.0180206155e+13	223.0
HWA030	23.7833	121.456	356	4	24.1006833333	121.729666667	6.31	6.26	594.059405941	145.0	44.79	24.48	36.62	36.26	224.8	35603700.MNS	NANO	2.0180206155e+13	218.0
HWA067	23.7533	121.4688	379	4	24.1006833333	121.729666667	6.31	6.26	0.0	0.0	46.64	32.6	49.4	52.28	240.0	37903701.MNS	NANO	2.0180206155e+13	215.0
HWA043	23.7067	121.5475	516	5	24.1006833333	121.729666667	6.31	6.26	544.4646098	52.0	47.3	43.56	93.7	117.72	120.0	F1603700.SMT	SMTA	2.0180206155e+13	203.0
MTN140	24.4933	121.5362	260	4	24.1006833333	121.729666667	6.31	6.26	0.0	0.0	47.74	18.12	31.34	25.44	90.0	T260002.037	A900	2.0180206155e+13	336.0
ILA061	24.52	121.8328	298	4	24.1006833333	121.729666667	6.31	6.26	502.05	82.0	47.77	10.6	25.62	30.32	120.0	C9803701.SMT	SMTA	2.0180206155e+13	13.0
HWA035	23.73	121.4447	394	4	24.1006833333	121.729666667	6.31	6.26	686.106346484	29.0	50.24	19.88	29.94	33.56	228.2	39403700.MNS	NANO	2.0180206155e+13	215.0
ILA067	24.4367	121.3813	411	4	24.1006833333	121.729666667	6.31	6.26	806.78	20.0	51.41	13.46	73.96	32.64	300.0	O1103701.SMT	SMTA	2.01802061549e+13	317.0
MTN172	24.2467	121.2442	399	3	24.1006833333	121.729666667	6.31	6.26	0.0	0.0	51.94	16.06	18.4	16.36	229.5	39903701.MNS	NANO	2.0180206155e+13	288.0
MTN181	24.535	121.5265	188	3	24.1006833333	121.729666667	6.31	6.26	0.0	0.0	52.37	10.04	14.8	16.18	221.4	18803701.MNS	NANO	2.0180206155e+13	337.0
HWA033	23.6833	121.4827	331	4	24.1006833333	121.729666667	6.31	6.26	392.7473	93.9	52.51	40.22	55.56	78.14	180.0	D3103700.SMT	SMTA	2.0180206155e+13	209.0
MTN129	24.4867	121.4267	109	3	24.1006833333	121.729666667	6.31	6.26	0.0	0.0	52.76	9.54	11.62	15.72	90.0	T109002.037	A900	2.0180206155e+13	324.0
MTN174	24.375	121.305	147	4	24.1006833333	121.729666667	6.31	6.26	0.0	0.0	52.82	15.26	25.36	24.94	210.7	14703701.MNS	NANO	2.0180206155e+13	305.0
HWA044	23.6517	121.5363	327	4	24.1006833333	121.729666667	6.31	6.26	533.049040512	36.0	53.48	29.84	60.6	54.42	223.9	32703700.MNS	NANO	2.0180206155e+13	202.0
HWA032	23.7083	121.4198	365	4	24.1006833333	121.729666667	6.31	6.26	636.267232238	42.0	53.7	19.26	37.4	33.92	221.7	36503700.MNS	NANO	2.0180206155e+13	216.0
MTN131	24.59	121.8108	061	4	24.1006833333	121.729666667	6.31	6.26	0.0	0.0	54.93	16.74	34.66	30.44	86.0	T061001.037	A900	2.0180206155e+13	9.0
MTN169	24.1467	121.1892	153	4	24.1006833333	121.729666667	6.31	6.26	0.0	0.0	55.19	14.0	34.12	33.16	90.0	T153002.037	A900	2.0180206155e+13	275.0
ILA007	24.5917	121.8535	064	4	24.1006833333	121.729666667	6.31	6.26	432.3545	58.0	55.91	17.56	41.46	49.64	89.0	06403701.CVA	CVA	2.01802061551e+13	13.0
ILA031	24.5967	121.8407	085	4	24.1006833333	121.729666667	6.31	6.26	657.3902	22.5	56.13	16.44	31.3	30.64	71.0	08503700.CVA	CVA	2.01802061551e+13	12.0
ILA068	24.5967	121.8573	306	4	24.1006833333	121.729666667	6.31	6.26	617.22	340.0	56.5	13.4	25.72	37.44	180.0	D2903701.SMT	SMTA	2.0180206155e+13	13.0
MTN162	24.085	121.1738	168	3	24.1006833333	121.729666667	6.31	6.26	0.0	0.0	56.53	12.52	22.26	17.72	227.5	16803700.MNS	NANO	2.0180206155e+13	268.0
TRB041	24.6033	121.8325	020	4	24.1006833333	121.729666667	6.31	6.26	0.0	0.0	56.68	22.6	62.84	32.9	81.0	02003701.CVA	CVA	2.0180206155e+13	11.0
HWA006	23.67	121.4245	130	3	24.1006833333	121.729666667	6.31	6.26	557.051341565	78.3	56.85	13.86	20.08	23.1	83.0	13003700.CVA	CVA	2.0180206155e+13	213.0
MND014	24.6017	121.8723	059	3	24.1006833333	121.729666667	6.31	6.26	0.0	0.0	57.44	8.34	14.08	9.74	58.0	05917400.CVA	CVA	2.0180206155e+13	15.0
TRB038	23.665	121.4212	034	4	24.1006833333	121.729666667	6.31	6.26	0.0	0.0	57.48	21.52	31.84	0.0	87.0	03403700.CVA	CVA	2.01802061542e+13	213.0
ILA052	24.6067	121.86	498	3	24.1006833333	121.729666667	6.31	6.26	481.68	233.0	57.75	6.92	17.5	10.76	120.0	E9803701.SMT	SMTA	2.0180206155e+13	13.0
HWA005	23.66	121.4248	370	4	24.1006833333	121.729666667	6.31	6.26	445.753057832	65.3	57.78	17.04	41.2	38.64	249.0	37003700.MNS	NANO	2.0180206155e+13	212.0
ILA071	24.6217	121.7942	091	4	24.1006833333	121.729666667	6.31	6.26	532.252360474	64.9931	58.08	12.9	31.9	27.9	79.0	09103701.CVA	CVA	2.0180206155e+13	6.0
MTN166	24.1217	121.1572	426	4	24.1006833333	121.729666667	6.31	6.26	0.0	0.0	58.25	10.9	32.96	36.82	207.4	42603701.MNS	NANO	2.0180206155e+13	272.0
ILA043	24.6267	121.7437	084	4	24.1006833333	121.729666667	6.31	6.26	518.37352611	62.0	58.28	39.94	36.74	46.62	77.0	08403700.CVA	CVA	2.0180206155e+13	1.0
ILA032	24.6217	121.8347	420	3	24.1006833333	121.729666667	6.31	6.26	296.5159	219.0	58.72	12.04	24.7	17.72	225.5	42003701.MNS	NANO	2.0180206155e+13	10.0
HWA002	23.5967	121.5202	120	4	24.1006833333	121.729666667	6.31	6.26	789.3698	23.0	59.6	17.6	37.64	38.46	73.0	12003700.CVA	CVA	2.0180206155e+13	201.0
TCU088	24.2483	121.1618	514	4	24.1006833333	121.729666667	6.31	6.26	569.88	19.0	60.0	12.02	31.84	17.06	120.0	F1403701.SMT	SMTA	2.0180206155e+13	286.0
ILA019	24.6417	121.6955	429	4	24.1006833333	121.729666667	6.31	6.26	444.85	52.0	60.02	12.38	30.84	14.44	300.0	O2903700.SMT	SMTA	2.01802061549e+13	357.0
ILA063	24.6117	121.5258	415	3	24.1006833333	121.729666667	6.31	6.26	1002.6738	14.5	60.4	7.88	22.64	19.62	300.0	O1503701.SMT	SMTA	2.01802061549e+13	340.0
ILA047	24.6433	121.7942	105	4	24.1006833333	121.729666667	6.31	6.26	260.129957407	396.0	60.52	10.88	34.8	0.0	95.0	10503701.CVA	CVA	2.01802061551e+13	6.0
ILA006	24.6383	121.8327	062	4	24.1006833333	121.729666667	6.31	6.26	276.3703	276.3539	60.61	12.8	26.14	27.28	95.0	06203701.CVA	CVA	2.01802061551e+13	10.0
ILA044	24.6533	121.7625	092	4	24.1006833333	121.729666667	6.31	6.26	159.0	310.0	61.32	14.66	25.34	30.14	98.0	09203701.CVA	CVA	2.01802061551e+13	3.0
ILA025	24.6367	121.5737	417	4	24.1006833333	121.729666667	6.31	6.26	669.99	13.0	61.57	15.26	41.82	47.76	300.0	O1703701.SMT	SMTA	2.01802061549e+13	345.0
ILA046	24.665	121.7423	292	4	24.1006833333	121.729666667	6.31	6.26	397.59	300.0	62.52	10.52	26.0	14.54	300.0	M9203700.SMT	SMTA	2.01802061549e+13	1.0
ILA022	24.6667	121.6508	182	3	24.1006833333	121.729666667	6.31	6.26	779.84	27.0	63.22	10.64	16.28	9.44	219.7	18203700.MNS	NANO	2.0180206155e+13	353.0
ILA059	24.665	121.8297	341	4	24.1006833333	121.729666667	6.31	6.26	232.2417	398.0	63.38	9.14	17.84	27.93	180.0	D4103701.SMT	SMTA	2.0180206155e+13	9.0
ILA026	24.6733	121.7728	169	5	24.1006833333	121.729666667	6.31	6.26	237.5022	440.0	63.58	25.1	92.46	41.68	300.0	B6903701.SMT	SMTA	2.01802061549e+13	4.0
ILA058	24.6733	121.7575	109	4	24.1006833333	121.729666667	6.31	6.26	248.256836301	324.0	63.64	24.54	40.52	45.4	104.0	10903700.CVA	CVA	2.0180206155e+13	3.0
ILA018	24.6783	121.6882	181	3	24.1006833333	121.729666667	6.31	6.26	497.4712	82.0	64.29	5.36	14.8	9.98	300.0	L8103700.SMT	SMTA	2.01802061549e+13	356.0
ILA023	24.6783	121.6095	427	3	24.1006833333	121.729666667	6.31	6.26	555.442656218	71.0	65.17	10.36	19.98	16.48	300.0	O2703701.SMT	SMTA	2.01802061549e+13	349.0
ILA027	24.6883	121.7667	298	4	24.1006833333	121.729666667	6.31	6.26	267.472858886	625.0	65.27	13.98	52.2	41.98	300.0	M9803701.SMT	SMTA	2.01802061549e+13	3.0
ILA042	24.6867	121.7987	301	4	24.1006833333	121.729666667	6.31	6.26	213.1817	610.0	65.37	9.04	29.2	28.5	300.0	N0103700.SMT	SMTA	2.01802061549e+13	6.0
ILA014	24.6917	121.7272	108	4	24.1006833333	121.729666667	6.31	6.26	307.46	321.0	65.57	6.66	26.52	26.68	78.0	10803700.CVA	CVA	2.0180206155e+13	0.0
ILA005	24.6967	121.8127	061	4	24.1006833333	121.729666667	6.31	6.26	237.2093	635.0	66.57	12.96	32.44	29.86	95.0	06103700.CVA	CVA	2.0180206155e+13	7.0
HWA034	23.5867	121.3837	391	3	24.1006833333	121.729666667	6.31	6.26	381.7765	140.0	66.84	11.78	18.0	21.76	226.7	39103700.MNS	NANO	2.0180206155e+13	212.0
ILA008	24.7067	121.7707	081	4	24.1006833333	121.729666667	6.31	6.26	290.6977	649.0	67.3	17.06	30.04	46.44	87.0	08103700.CVA	CVA	2.0180206155e+13	4.0
ILA021	24.71	121.653	104	3	24.1006833333	121.729666667	6.31	6.26	546.35473206	86.0	68.1	5.82	19.86	15.86	64.0	10403700.CVA	CVA	2.01802061551e+13	353.0
MTN134	24.5783	121.3033	414	4	24.1006833333	121.729666667	6.31	6.26	0.0	0.0	68.47	19.74	21.64	37.78	232.3	41403701.MNS	NANO	2.0180206155e+13	321.0
ILA051	24.7167	121.6828	236	3	24.1006833333	121.729666667	6.31	6.26	535.236396075	41.0	68.54	6.44	0.0	21.72	120.0	C3603700.SMT	SMTA	2.0180206155e+13	356.0
ILA038	24.7183	121.744	335	4	24.1006833333	121.729666667	6.31	6.26	243.8529	467.0	68.59	12.58	32.24	29.3	300.0	N3503700.SMT	SMTA	2.01802061549e+13	1.0
ILA041	24.7217	121.8003	145	3	24.1006833333	121.729666667	6.31	6.26	194.179	758.7	69.19	7.62	22.4	23.32	100.0	14517400.CVA	CVA	2.01802061551e+13	6.0
ILA030	24.7233	121.7637	083	4	24.1006833333	121.729666667	6.31	6.26	198.5112	726.0	69.22	18.62	30.42	29.86	112.0	08303700.CVA	CVA	2.0180206155e+13	3.0
ILA013	24.7333	121.7377	087	4	24.1006833333	121.729666667	6.31	6.26	224.545918952	661.0	70.15	8.66	24.42	31.06	96.0	08703700.CVA	CVA	2.01802061551e+13	1.0
ILA037	24.7433	121.7228	302	4	24.1006833333	121.729666667	6.31	6.26	212.9296	447.0	71.2	14.98	32.06	31.36	290.0	N0203701.SMT	SMTA	2.01802061549e+13	359.0
ILA004	24.7433	121.7907	423	3	24.1006833333	121.729666667	6.31	6.26	121.4493	1126.0	71.47	8.02	23.38	19.18	300.0	O2303700.SMT	SMTA	2.01802061549e+13	5.0
ILA016	24.7467	121.6907	309	3	24.1006833333	121.729666667	6.31	6.26	269.7101	208.2	71.81	8.22	19.14	20.12	226.9	30903700.MNS	NANO	2.0180206155e+13	357.0
HWA066	23.4817	121.5117	123	3	24.1006833333	121.729666667	6.31	6.26	428.222792028	116.3933	71.92	11.52	13.08	16.62	68.0	12303700.CVA	CVA	2.0180206155e+13	198.0
ILA028	24.7533	121.7547	089	4	24.1006833333	121.729666667	6.31	6.26	218.3803	710.0	72.35	15.9	28.12	27.6	95.0	08903700.CVA	CVA	2.01802061551e+13	2.0
TRB039	24.7533	121.7587	016	3	24.1006833333	121.729666667	6.31	6.26	0.0	0.0	72.44	8.88	21.24	19.98	92.0	01603700.CVA	CVA	2.0180206155e+13	2.0
ILA070	24.7533	121.7557	239	4	24.1006833333	121.729666667	6.31	6.26	294.993861729	646.0	72.49	16.52	36.22	35.72	300.0	M3903701.SMT	SMTA	2.01802061549e+13	2.0
HWA003	23.475	121.5055	168	3	24.1006833333	121.729666667	6.31	6.26	1538.0277	0.5	72.87	9.8	24.42	13.92	63.0	16817400.CVA	CVA	2.01802061551e+13	198.0
ILA020	24.7533	121.6357	433	3	24.1006833333	121.729666667	6.31	6.26	453.549	45.0	72.97	7.48	14.76	16.48	217.0	43303701.MNS	NANO	2.0180206155e+13	352.0
TCU085	24.6733	121.3665	383	3	24.1006833333	121.729666667	6.31	6.26	1037.8827	12.5	73.38	7.02	10.7	10.0	300.0	N8303700.SMT	SMTA	2.01802061549e+13	330.0
ILA056	24.7583	121.8143	313	3	24.1006833333	121.729666667	6.31	6.26	221.287	1094.0	73.42	6.7	18.04	13.96	180.0	D1303700.SMT	SMTA	2.0180206155e+13	7.0
ILA029	24.77	121.7543	237	3	24.1006833333	121.729666667	6.31	6.26	186.9741	567.0	74.33	6.48	14.94	16.18	250.6	23703700.MNS	NANO	2.0180206155e+13	2.0
MTN147	24.2017	121.006	076	4	24.1006833333	121.729666667	6.31	6.26	0.0	0.0	74.39	10.18	30.12	33.16	88.0	T076001.037	A900	2.0180206155e+13	279.0
MTN135	24.7583	121.5875	410	3	24.1006833333	121.729666667	6.31	6.26	0.0	0.0	74.42	4.34	10.22	17.6	213.1	41003701.MNS	NANO	2.0180206155e+13	349.0
ILA040	24.7717	121.7988	387	4	24.1006833333	121.729666667	6.31	6.26	188.3537	1154.0	74.72	9.4	26.24	22.44	180.0	D8703701.SMT	SMTA	2.0180206155e+13	5.0
ILA015	24.7783	121.6992	080	3	24.1006833333	121.729666667	6.31	6.26	776.8007	18.5	75.2	7.26	13.94	10.08	59.0	08003700.CVA	CVA	2.0180206155e+13	358.0
ILA012	24.7783	121.744	079	3	24.1006833333	121.729666667	6.31	6.26	255.4818	248.0	75.24	5.6	11.98	13.68	74.0	07903700.CVA	CVA	2.0180206155e+13	1.0
MTN167	23.9583	121.005	118	3	24.1006833333	121.729666667	6.31	6.26	0.0	0.0	75.34	13.96	17.92	20.42	227.1	11803700.MNS	NANO	2.0180206155e+13	258.0
MTN137	24.66	121.3012	411	3	24.1006833333	121.729666667	6.31	6.26	0.0	0.0	75.68	4.66	7.7	9.64	205.7	41103700.MNS	NANO	2.0180206155e+13	325.0
HWA036	23.4967	121.3745	354	3	24.1006833333	121.729666667	6.31	6.26	520.607375271	70.0017	75.96	10.6	19.34	20.92	218.2	20203700.MNS	NANO	2.0180206155e+13	208.0
ILA036	24.7867	121.7595	082	3	24.1006833333	121.729666667	6.31	6.26	179.0237	447.0	76.13	6.28	13.04	11.7	73.0	08217400.CVA	CVA	2.01802061551e+13	2.0
MTN136	24.505	121.1132	022	3	24.1006833333	121.729666667	6.31	6.26	0.0	0.0	77.0	8.38	15.34	13.24	90.0	T022001.037	A900	2.0180206155e+13	306.0
HWA021	23.5033	121.3298	495	3	24.1006833333	121.729666667	6.31	6.26	545.911971561	61.2193	77.65	5.96	8.4	9.88	120.0	E9503700.SMT	SMTA	2.0180206155e+13	212.0
ILA034	24.8017	121.8142	101	3	24.1006833333	121.729666667	6.31	6.26	217.6665	783.0	78.15	5.06	10.04	14.04	86.0	10103700.CVA	CVA	2.0180206155e+13	6.0
TCU073	24.0117	120.9573	188	3	24.1006833333	121.729666667	6.31	6.26	640.94	117.0	79.15	2.76	11.06	8.4	120.0	B8803700.SMT	SMTA	2.0180206155e+13	263.0
ILA035	24.8217	121.7685	237	3	24.1006833333	121.729666667	6.31	6.26	293.0976	258.0	80.03	5.68	10.96	12.28	240.0	M9703700.SMT	SMTA	2.0180206155e+13	3.0
TRB040	24.825	121.7745	019	3	24.1006833333	121.729666667	6.31	6.26	0.0	0.0	80.39	6.52	12.54	13.88	73.0	01903700.CVA	CVA	2.01802061549e+13	3.0
MTN138	24.7367	121.35	418	2	24.1006833333	121.729666667	6.31	6.26	0.0	0.0	80.39	4.22	5.48	7.44	201.6	41803700.MNS	NANO	2.0180206155e+13	331.0
HWA038	23.4583	121.3518	358	3	24.1006833333	121.729666667	6.31	6.26	661.5215	8.0	80.84	5.96	9.28	10.76	218.6	35803700.MNS	NANO	2.0180206155e+13	208.0
TCU169	24.3967	120.9858	509	4	24.1006833333	121.729666667	6.31	6.26	0.0	0.0	82.39	6.26	22.64	26.3	71.0	T509002.037	A900	2.0180206155e+13	294.0
TCU148	23.9533	120.9342	196	3	24.1006833333	121.729666667	6.31	6.26	513.5228	49.0	82.52	9.34	20.02	12.02	120.0	B9603700.SMT	SMTA	2.0180206155e+13	259.0
ILA002	24.8417	121.8048	355	3	24.1006833333	121.729666667	6.31	6.26	220.6775	242.0	82.57	3.56	8.9	12.38	225.7	35503700.MNS	NANO	2.0180206155e+13	5.0
MTN133	24.625	121.1485	116	3	24.1006833333	121.729666667	6.31	6.26	0.0	0.0	82.77	4.96	7.14	9.5	214.6	11603700.MNS	NANO	2.0180206155e+13	315.0
MTN180	24.3883	120.9713	434	2	24.1006833333	121.729666667	6.31	6.26	0.0	0.0	83.34	7.26	5.98	7.22	205.1	43403700.MNS	NANO	2.0180206155e+13	292.0
TCU080	23.9	120.9378	422	3	24.1006833333	121.729666667	6.31	6.26	654.37	11.0	83.57	5.76	10.7	9.5	240.0	O2203700.SMT	SMTA	2.0180206155e+13	255.0
HWA054	23.43	121.3487	336	3	24.1006833333	121.729666667	6.31	6.26	521.599693815	69.6315	83.77	9.98	10.44	11.76	228.1	33603700.MNS	NANO	2.0180206155e+13	208.0
MTN105	24.8383	121.5285	255	3	24.1006833333	121.729666667	6.31	6.26	781.07	9.0	84.3	7.94	6.68	9.72	87.0	T255001.037	A900	2.0180206155e+13	346.0
MTN179	24.3583	120.9465	476	3	24.1006833333	121.729666667	6.31	6.26	0.0	0.0	84.56	4.24	16.42	9.7	75.0	T194001.037	A900	2.0180206155e+13	290.0
ILA033	24.8617	121.8275	300	3	24.1006833333	121.729666667	6.31	6.26	253.5711	27.5	85.02	5.5	10.1	8.12	240.0	N0003700.SMT	SMTA	2.0180206155e+13	7.0
MTN148	24.17	120.8957	014	2	24.1006833333	121.729666667	6.31	6.26	0.0	0.0	85.12	3.18	4.74	5.24	64.0	T014001.037	A900	2.01802061551e+13	275.0
TAP124	24.8633	121.5535	382	2	24.1006833333	121.729666667	6.31	6.26	655.740832288	34.8246	86.38	4.38	7.3	4.02	240.0	N8203700.SMT	SMTA	2.0180206155e+13	348.0
TTN031	23.355	121.4673	372	3	24.1006833333	121.729666667	6.31	6.26	512.689054089	90.0	86.67	8.08	18.84	21.26	240.0	N7203700.SMT	SMTA	2.0180206155e+13	198.0
TCU025	24.705	121.1832	421	2	24.1006833333	121.729666667	6.31	6.26	506.47	29.0	86.95	3.14	4.44	6.34	240.0	O2103700.SMT	SMTA	2.0180206155e+13	320.0
TCU084	23.88	120.9082	203	3	24.1006833333	121.729666667	6.31	6.26	733.78	23.0	87.04	6.18	21.74	19.82	120.0	C0303700.SMT	SMTA	2.0180206155e+13	254.0
TCU142	23.98	120.8762	414	2	24.1006833333	121.729666667	6.31	6.26	643.51	12.0	87.81	3.22	7.44	4.06	240.0	O1403700.SMT	SMTA	2.0180206155e+13	261.0
HWA039	23.3817	121.3593	363	4	24.1006833333	121.729666667	6.31	6.26	504.914691333	101.0	87.99	11.5	28.56	21.72	241.9	36303700.MNS	NANO	2.0180206155e+13	205.0
MTN122	24.8533	121.437	402	2	24.1006833333	121.729666667	6.31	6.26	848.17	9.0	88.54	3.18	4.64	4.76	203.3	40203700.MNS	NANO	2.0180206155e+13	340.0
TCU072	24.0383	120.858	428	3	24.1006833333	121.729666667	6.31	6.26	471.8836	66.0	88.9	4.46	6.8	9.08	240.0	O2803700.SMT	SMTA	2.0180206155e+13	266.0
TCU079	23.8367	120.9022	430	3	24.1006833333	121.729666667	6.31	6.26	353.9405	73.0	89.14	8.58	18.54	11.86	240.0	O3003700.SMT	SMTA	2.0180206155e+13	251.0
MTN176	24.465	120.9402	417	3	24.1006833333	121.729666667	6.31	6.26	0.0	0.0	89.77	5.92	8.42	9.44	206.4	41703700.MNS	NANO	2.0180206155e+13	297.0
TCU089	23.905	120.8698	179	2	24.1006833333	121.729666667	6.31	6.26	471.01	82.0	90.12	2.58	4.86	3.42	120.0	B7903700.SMT	SMTA	2.0180206155e+13	256.0
TAP036	24.9017	121.5535	381	2	24.1006833333	121.729666667	6.31	6.26	535.123286823	64.0126	90.57	3.48	3.3	4.36	240.0	N8103700.SMT	SMTA	2.0180206155e+13	349.0
MTN177	24.41	120.9027	063	3	24.1006833333	121.729666667	6.31	6.26	0.0	0.0	90.73	3.84	8.74	6.08	79.0	T063001.037	A900	2.0180206155e+13	292.0
TCU023	24.72	121.14	384	3	24.1006833333	121.729666667	6.31	6.26	555.1957	52.0	91.01	5.12	8.72	11.42	240.0	N8403700.SMT	SMTA	2.0180206155e+13	319.0
TTN001	23.315	121.4512	303	3	24.1006833333	121.729666667	6.31	6.26	484.457004441	116.0	91.39	12.5	18.02	14.94	240.0	N0303700.SMT	SMTA	2.0180206155e+13	198.0
MTN111	24.8717	121.4053	080	2	24.1006833333	121.729666667	6.31	6.26	814.05	12.0	91.56	2.8	4.28	5.54	61.0	T080001.037	A900	2.01802061551e+13	339.0
MTN178	24.3517	120.8657	241	3	24.1006833333	121.729666667	6.31	6.26	0.0	0.0	92.09	9.04	14.64	13.04	90.0	T241001.037	A900	2.0180206155e+13	288.0
TAP085	24.9383	121.7122	429	2	24.1006833333	121.729666667	6.31	6.26	895.1216	9.5	92.8	2.86	6.72	4.04	194.5	42903700.MNS	NANO	2.0180206155e+13	359.0
TAP035	24.9217	121.5463	105	3	24.1006833333	121.729666667	6.31	6.26	404.6945	52.0	92.89	3.98	8.64	9.24	215.4	10503700.MNS	NANO	2.0180206155e+13	348.0
TCU069	24.2583	120.831	377	3	24.1006833333	121.729666667	6.31	6.26	554.7337	84.0	92.99	3.84	8.44	6.68	120.0	D7703700.SMT	SMTA	2.0180206155e+13	281.0
TCU161	24.8183	121.2437	504	2	24.1006833333	121.729666667	6.31	6.26	662.15	12.0	93.63	0.0	4.99	5.13	49.0	T504001.037	A900	2.0180206155e+13	328.0
HWA024	23.35	121.3053	523	2	24.1006833333	121.729666667	6.31	6.26	693.6	29.0	93.64	3.8	4.66	4.58	60.0	F2303700.SMT	SMTA	2.01802061551e+13	208.0
TCU127	24.6283	121.0088	668	2	24.1006833333	121.729666667	6.31	6.26	807.6457	29.0	93.71	3.54	5.0	5.88	120.0	G6803700.SMT	SMTA	2.0180206155e+13	309.0
MTN123	24.9333	121.5475	393	3	24.1006833333	121.729666667	6.31	6.26	0.0	0.0	94.09	4.64	8.06	8.78	217.8	39303700.MNS	NANO	2.0180206155e+13	349.0
MND001	24.2317	120.8117	499	2	24.1006833333	121.729666667	6.31	6.26	0.0	0.0	94.4	3.64	7.82	6.96	50.0	T499001.037	A900	2.0180206155e+13	279.0
TCU078	23.8083	120.8543	425	2	24.1006833333	121.729666667	6.31	6.26	444.5432	41.0	94.74	3.76	6.78	6.3	240.0	O2503700.SMT	SMTA	2.0180206155e+13	250.0
TAP074	24.9517	121.6367	413	2	24.1006833333	121.729666667	6.31	6.26	984.52	10.0	94.88	4.24	7.66	6.62	240.0	O1303700.SMT	SMTA	2.0180206155e+13	354.0
TCU174	24.2267	120.8055	172	2	24.1006833333	121.729666667	6.31	6.26	0.0	0.0	94.94	3.82	6.24	7.36	120.0	B7203700.SMT	SMTA	2.0180206155e+13	278.0
MTN150	24.2267	120.8053	043	2	24.1006833333	121.729666667	6.31	6.26	0.0	0.0	94.96	3.76	6.3	6.66	75.0	T043001.037	A900	2.01802061551e+13	278.0
HWA055	23.32	121.34	095	3	24.1006833333	121.729666667	6.31	6.26	524.434380852	101.0	95.08	16.14	22.46	22.4	91.0	09503700.CVA	CVA	2.0180206155e+13	205.0
HWA065	23.3283	121.3193	357	3	24.1006833333	121.729666667	6.31	6.26	371.260038319	161.0089	95.14	7.72	10.96	21.64	228.2	35703700.MNS	NANO	2.0180206155e+13	206.0
TRB034	23.33	121.3118	024	3	24.1006833333	121.729666667	6.31	6.26	0.0	0.0	95.31	7.94	17.4	14.92	77.0	02403700.CVA	CVA	2.0180206155e+13	207.0
TAP086	24.95	121.5755	339	2	24.1006833333	121.729666667	6.31	6.26	942.8038	21.0	95.4	3.52	5.82	6.64	181.1	33903700.MNS	NANO	2.0180206155e+13	351.0
TCU045	24.5383	120.9205	426	2	24.1006833333	121.729666667	6.31	6.26	706.9636	21.0	95.45	3.12	6.8	7.22	240.0	O2603700.SMT	SMTA	2.0180206155e+13	301.0
TCU028	24.7	121.0535	171	3	24.1006833333	121.729666667	6.31	6.26	524.9344	38.0	95.45	4.46	12.48	11.28	237.0	17103700.MNS	NANO	2.0180206155e+13	314.0
TCU024	24.735	121.0882	359	3	24.1006833333	121.729666667	6.31	6.26	383.2152	39.0	95.81	5.22	10.02	11.04	120.0	D5903700.SMT	SMTA	2.0180206155e+13	317.0
TCU071	23.9833	120.7952	186	2	24.1006833333	121.729666667	6.31	6.26	614.7541	34.0	95.92	3.2	6.04	6.68	120.0	B8603700.SMT	SMTA	2.0180206155e+13	262.0
MTN170	23.765	120.8557	416	3	24.1006833333	121.729666667	6.31	6.26	0.0	0.0	96.39	4.22	9.98	10.2	206.3	41603700.MNS	NANO	2.0180206155e+13	247.0
TAP034	24.9533	121.539	225	2	24.1006833333	121.729666667	6.31	6.26	372.223967384	195.0	96.42	3.24	7.18	5.84	213.5	31403700.MNS	NANO	2.0180206155e+13	348.0
TCU147	24.8567	121.2553	344	2	24.1006833333	121.729666667	6.31	6.26	538.1166	83.0	96.64	5.84	6.72	6.9	240.0	N4403700.SMT	SMTA	2.0180206155e+13	330.0
MTN142	24.7767	121.123	338	3	24.1006833333	121.729666667	6.31	6.26	0.0	0.0	96.93	7.82	14.64	15.8	240.1	33803700.MNS	NANO	2.0180206155e+13	321.0
TCU046	24.465	120.8612	163	2	24.1006833333	121.729666667	6.31	6.26	462.606	32.0	97.02	2.76	5.48	6.12	240.0	L6303700.SMT	SMTA	2.0180206155e+13	295.0
TCU095	24.6883	121.02	159	3	24.1006833333	121.729666667	6.31	6.26	454.0982	93.3	97.08	5.96	11.54	7.94	240.0	L5903700.SMT	SMTA	2.0180206155e+13	312.0
TAP113	24.9817	121.6892	153	2	24.1006833333	121.729666667	6.31	6.26	612.8077	17.0	97.69	2.42	5.06	4.88	240.0	L5303700.SMT	SMTA	2.0180206155e+13	358.0
MTN110	24.9317	121.408	084	2	24.1006833333	121.729666667	6.31	6.26	0.0	0.0	97.75	4.54	6.58	6.7	88.0	T084001.037	A900	2.0180206155e+13	341.0
TAP067	24.9767	121.5922	291	2	24.1006833333	121.729666667	6.31	6.26	814.9959	12.5	98.15	2.86	3.42	4.92	60.0	C9103700.SMT	SMTA	2.01802061551e+13	352.0
MND020	24.8783	121.265	058	2	24.1006833333	121.729666667	6.31	6.26	0.0	0.0	98.3	5.22	6.48	7.02	59.0	05803700.CVA	CVA	2.01802062351e+13	331.0
TAP072	24.99	121.6587	223	2	24.1006833333	121.729666667	6.31	6.26	835.24	8.0	98.84	2.88	7.02	4.58	199.0	22303700.MNS	NANO	2.0180206155e+13	356.0
TCU068	24.275	120.7732	676	2	24.1006833333	121.729666667	6.31	6.26	489.9959	67.0	99.09	3.12	5.82	5.96	120.0	G7603700.SMT	SMTA	2.0180206155e+13	281.0
TAP033	24.9783	121.5382	315	3	24.1006833333	121.729666667	6.31	6.26	486.3419	235.0	99.17	3.66	8.3	8.62	218.8	31503700.MNS	NANO	2.0180206155e+13	349.0
TCU026	24.7733	121.0837	316	3	24.1006833333	121.729666667	6.31	6.26	606.4894	59.0	99.23	5.28	8.7	10.48	222.7	31603700.MNS	NANO	2.0180206155e+13	319.0
TAP039	24.935	121.3695	136	2	24.1006833333	121.729666667	6.31	6.26	661.5944	72.0	99.36	3.82	5.02	6.6	215.8	13603700.MNS	NANO	2.0180206155e+13	338.0
TCU013	24.8633	121.2133	162	2	24.1006833333	121.729666667	6.31	6.26	462.349805528	91.0	99.37	5.16	7.84	3.48	214.0	16203700.MNS	NANO	2.0180206155e+13	328.0
TAP119	24.9833	121.5415	401	2	24.1006833333	121.729666667	6.31	6.26	354.318492468	95.0	99.61	4.76	5.66	5.6	49.0	T401001.037	A900	2.01802061551e+13	349.0
MTN116	25.0017	121.7472	407	3	24.1006833333	121.729666667	6.31	6.26	821.6	19.0	99.81	4.54	8.44	9.64	212.2	40703700.MNS	NANO	2.0180206155e+13	1.0
TCU177	24.655	120.9548	329	3	24.1006833333	121.729666667	6.31	6.26	0.0	0.0	99.82	4.48	9.52	8.76	240.0	N2903700.SMT	SMTA	2.0180206155e+13	308.0
TTN032	23.2433	121.4142	233	2	24.1006833333	121.729666667	6.31	6.26	736.105999264	48.0	100.11	6.18	7.06	7.7	240.0	M3303700.SMT	SMTA	2.0180206155e+13	199.0
TCU087	24.345	120.7808	908	2	24.1006833333	121.729666667	6.31	6.26	460.48	56.0	100.14	3.98	6.5	6.36	120.0	J0803700.SMT	SMTA	2.0180206155e+13	286.0
TCU094	24.7667	121.0582	187	2	24.1006833333	121.729666667	6.31	6.26	581.4517	119.0	100.41	4.6	6.2	5.52	226.1	18703700.MNS	NANO	2.0180206155e+13	317.0
TAP071	25.0017	121.6167	220	3	24.1006833333	121.729666667	6.31	6.26	831.3704	35.4	100.45	3.78	8.12	6.1	216.3	22003700.MNS	NANO	2.0180206155e+13	353.0
TAP073	25.0067	121.6885	326	2	24.1006833333	121.729666667	6.31	6.26	659.15	22.0	100.53	4.68	6.04	6.38	240.0	N2603700.SMT	SMTA	2.0180206155e+13	358.0
TCU077	23.8267	120.7873	206	3	24.1006833333	121.729666667	6.31	6.26	507.4854	38.0	100.57	3.6	7.82	9.54	120.0	C0603700.SMT	SMTA	2.0180206155e+13	252.0
TCU030	24.585	120.8852	123	2	24.1006833333	121.729666667	6.31	6.26	624.6746	110.0	101.18	5.0	7.6	6.46	216.6	12303700.MNS	NANO	2.0180206155e+13	302.0
TAP030	24.9967	121.5387	156	3	24.1006833333	121.729666667	6.31	6.26	358.299851045	115.0	101.24	3.56	9.56	6.84	222.9	15603700.MNS	NANO	2.0180206155e+13	349.0
TCU143	23.8783	120.7632	410	3	24.1006833333	121.729666667	6.31	6.26	465.9109	51.0	101.33	7.32	12.5	17.04	240.0	O1003700.SMT	SMTA	2.0180206155e+13	256.0
MTN126	25.0133	121.6437	038	3	24.1006833333	121.729666667	6.31	6.26	0.0	0.0	101.46	5.22	10.4	12.56	90.0	T038001.037	A900	2.0180206155e+13	355.0
TCU043	24.6867	120.9598	210	3	24.1006833333	121.729666667	6.31	6.26	539.9568	71.0	101.54	3.6	9.36	8.76	219.3	21003700.MNS	NANO	2.0180206155e+13	310.0
TCU067	24.09	120.7282	205	3	24.1006833333	121.729666667	6.31	6.26	440.3023	34.0	101.82	4.18	7.54	9.24	240.0	M0503700.SMT	SMTA	2.0180206155e+13	269.0
TAP047	24.9517	121.3445	109	2	24.1006833333	121.729666667	6.31	6.26	571.211	124.0	102.04	3.2	5.48	5.6	207.2	10903700.MNS	NANO	2.0180206155e+13	338.0
TAP115	24.9883	121.465	194	3	24.1006833333	121.729666667	6.31	6.26	462.091441785	44.0	102.07	7.28	15.34	19.58	230.5	19403701.MNS	NANO	2.0180206155e+13	345.0
TAP027	24.9983	121.502	347	3	24.1006833333	121.729666667	6.31	6.26	195.6507	99.0	102.19	4.7	7.3	8.74	212.2	34703700.MNS	NANO	2.0180206155e+13	347.0
TAP029	25.0067	121.5353	198	3	24.1006833333	121.729666667	6.31	6.26	310.233638625	124.0	102.3	3.44	8.06	7.42	216.8	19803700.MNS	NANO	2.0180206155e+13	349.0
HWA041	23.2633	121.3027	329	3	24.1006833333	121.729666667	6.31	6.26	481.850305172	123.0	102.3	8.38	14.62	17.5	245.0	32903700.MNS	NANO	2.0180206155e+13	205.0
TCU012	24.935	121.2987	670	3	24.1006833333	121.729666667	6.31	6.26	644.7453	141.0	102.33	3.74	8.28	9.22	240.0	G7003700.SMT	SMTA	2.0180206155e+13	335.0
TAP044	24.9733	121.4023	317	3	24.1006833333	121.729666667	6.31	6.26	472.9996	176.0	102.35	4.68	7.42	8.28	227.5	31703700.MNS	NANO	2.0180206155e+13	341.0
TAP032	24.9983	121.4828	124	3	24.1006833333	121.729666667	6.31	6.26	314.8615	163.6	102.67	10.4	17.08	15.92	237.3	12403700.MNS	NANO	2.0180206155e+13	346.0
TAP075	25.0267	121.7367	412	2	24.1006833333	121.729666667	6.31	6.26	851.06	30.0	102.68	3.3	5.72	6.12	240.0	O1203700.SMT	SMTA	2.0180206155e+13	0.0
TCU170	24.1533	120.7198	179	2	24.1006833333	121.729666667	6.31	6.26	0.0	0.0	102.81	2.98	5.02	4.92	240.0	L7903700.SMT	SMTA	2.0180206155e+13	273.0
TCU102	24.2467	120.7287	156	2	24.1006833333	121.729666667	6.31	6.26	706.2054	37.0	102.99	3.26	4.62	5.68	240.0	L5603700.SMT	SMTA	2.0180206155e+13	279.0
TAP117	25.015	121.5315	628	3	24.1006833333	121.729666667	6.31	6.26	408.230465756	146.0	103.0	4.96	12.22	9.38	94.0	63203700.EVT	K2	2.0180206155e+13	349.0
TRB017	24.26	120.7308	010	2	24.1006833333	121.729666667	6.31	6.26	0.0	0.0	103.03	3.08	5.52	6.12	51.0	01003700.CVA	CVA	2.0180206235e+13	280.0
TCU032	24.5217	120.8227	170	3	24.1006833333	121.729666667	6.31	6.26	500.2501	48.0	103.21	4.58	6.86	10.68	240.0	L7003700.SMT	SMTA	2.0180206155e+13	297.0
TRB006	24.42	120.774	037	2	24.1006833333	121.729666667	6.31	6.26	0.0	0.0	103.32	3.72	5.72	6.34	48.0	03703700.CVA	CVA	2.0180206155e+13	290.0
MTN106	25.0283	121.8322	017	2	24.1006833333	121.729666667	6.31	6.26	826.77	37.3	103.37	3.7	5.9	5.64	88.0	T017001.037	A900	2.01802061551e+13	6.0
TAP043	24.9883	121.418	148	3	24.1006833333	121.729666667	6.31	6.26	382.6301	183.0	103.41	5.26	14.18	10.48	231.1	14803700.MNS	NANO	2.0180206155e+13	342.0
TCU044	24.4017	120.7652	419	2	24.1006833333	121.729666667	6.31	6.26	508.3453	27.0	103.46	4.02	5.48	3.88	240.0	O1903700.SMT	SMTA	2.0180206155e+13	289.0
TCU128	24.4133	120.7697	183	2	24.1006833333	121.729666667	6.31	6.26	591.9495	21.0	103.49	3.36	5.42	3.48	120.0	B8303700.SMT	SMTA	2.0180206155e+13	290.0
TAP054	24.9967	121.4418	210	3	24.1006833333	121.729666667	6.31	6.26	309.7414	195.0	103.53	6.24	10.92	9.42	180.0	C1003700.SMT	SMTA	2.0180206155e+13	344.0
TAP126	25.0	121.4538	328	3	24.1006833333	121.729666667	6.31	6.26	322.383728274	210.8433	103.56	5.48	8.72	9.38	240.0	N2803700.SMT	SMTA	2.0180206155e+13	344.0
TAP026	25.015	121.5113	227	3	24.1006833333	121.729666667	6.31	6.26	200.5818	176.0	103.75	6.28	15.82	14.12	219.0	22703701.MNS	NANO	2.0180206155e+13	348.0
TAP080	25.0167	121.9488	229	2	24.1006833333	121.729666667	6.31	6.26	401.7678	25.5	103.9	4.0	7.22	7.08	206.0	22903700.MNS	NANO	2.0180206155e+13	12.0
TAP069	25.0067	121.9972	436	2	24.1006833333	121.729666667	6.31	6.26	804.56	29.0	103.96	1.56	1.94	3.28	189.7	43603700.MNS	NANO	2.0180206155e+13	15.0
TCU101	24.2383	120.7172	182	2	24.1006833333	121.729666667	6.31	6.26	720.69	20.0	104.02	2.94	4.0	4.5	240.0	L8203700.SMT	SMTA	2.0180206155e+13	278.0
TRB013	24.9983	121.429	021	3	24.1006833333	121.729666667	6.31	6.26	0.0	0.0	104.08	8.86	11.84	12.86	81.0	02103700.CVA	CVA	2.0180206155e+13	343.0
TCU017	24.7783	121.0182	325	2	24.1006833333	121.729666667	6.31	6.26	548.245614035	206.0	104.13	4.46	6.08	7.56	120.0	D2503700.SMT	SMTA	2.0180206155e+13	316.0
TCU156	24.2583	120.7192	198	2	24.1006833333	121.729666667	6.31	6.26	654.34	110.0	104.15	2.68	4.02	3.94	240.0	L9803700.SMT	SMTA	2.0180206155e+13	280.0
TAP078	25.0333	121.8667	249	2	24.1006833333	121.729666667	6.31	6.26	738.9	21.0	104.25	2.82	5.2	5.5	202.7	24903700.MNS	NANO	2.0180206155e+13	8.0
TAP022	25.03	121.563	997	3	24.1006833333	121.729666667	6.31	6.26	181.0119	134.7	104.44	13.02	16.32	22.08	93.0	99703700.EVT	ETNA	2.0180206155e+13	351.0
TCU154	24.5817	120.8427	166	2	24.1006833333	121.729666667	6.31	6.26	467.199375665	55.0	104.59	3.38	6.66	6.16	240.0	L6603700.SMT	SMTA	2.0180206155e+13	301.0
TCU039	24.4883	120.7908	239	3	24.1006833333	121.729666667	6.31	6.26	549.5512	38.0	104.59	4.24	6.96	8.42	226.0	23903700.MNS	NANO	2.0180206155e+13	294.0
TCU058	24.2483	120.7127	200	2	24.1006833333	121.729666667	6.31	6.26	650.91	90.0	104.64	4.2	3.4	3.42	240.0	M0003700.SMT	SMTA	2.0180206155e+13	279.0
TAP088	25.0367	121.586	574	3	24.1006833333	121.729666667	6.31	6.26	227.9819	52.0	104.8	6.3	11.76	15.2	79.0	F7403700.EVT	ETNA	2.0180206155e+13	352.0
TAP025	25.0217	121.498	575	3	24.1006833333	121.729666667	6.31	6.26	250.1775	314.0	104.8	4.36	9.0	13.82	61.0	99503700.EVT	ETNA	2.0180206155e+13	347.0
TCU099	24.135	120.6993	206	3	24.1006833333	121.729666667	6.31	6.26	424.186152706	52.0	104.8	2.34	8.2	3.5	240.0	M0603700.SMT	SMTA	2.0180206155e+13	272.0
TCU065	24.055	120.6998	165	4	24.1006833333	121.729666667	6.31	6.26	290.1073	124.5	104.83	9.34	28.7	13.98	237.2	16503700.MNS	NANO	2.0180206155e+13	267.0
TCU066	24.2133	120.7043	168	2	24.1006833333	121.729666667	6.31	6.26	582.694	147.5	104.94	3.0	5.76	6.04	60.0	B6803700.SMT	SMTA	2.01802061551e+13	277.0
TCU049	24.1767	120.6997	189	2	24.1006833333	121.729666667	6.31	6.26	469.7409	145.0	105.02	3.4	5.54	7.32	48.0	18917400.CVA	CVA	2.01802061551e+13	275.0
TCU157	24.0417	120.6982	304	3	24.1006833333	121.729666667	6.31	6.26	389.71	106.0	105.09	4.32	10.34	9.56	240.0	N0403700.SMT	SMTA	2.0180206155e+13	266.0
TAP021	25.035	121.552	580	3	24.1006833333	121.729666667	6.31	6.26	165.3076	306.0	105.1	6.08	13.98	13.32	82.0	F8003700.EVT	ETNA	2.0180206155e+13	350.0
TCU022	24.7667	120.9898	183	3	24.1006833333	121.729666667	6.31	6.26	436.6494	172.0	105.25	4.82	11.08	8.42	224.8	18303700.MNS	NANO	2.0180206155e+13	315.0
TAP109	25.04	121.5692	365	3	24.1006833333	121.729666667	6.31	6.26	406.186470469	212.0	105.4	5.72	8.78	10.54	120.0	D6503700.SMT	SMTA	2.0180206155e+13	351.0
TCU132	24.5733	120.8278	351	2	24.1006833333	121.729666667	6.31	6.26	463.02262939	78.0	105.45	5.4	7.56	6.6	240.0	N5103700.SMT	SMTA	2.0180206155e+13	300.0
TCU042	24.5517	120.815	172	3	24.1006833333	121.729666667	6.31	6.26	573.5041	43.0	105.46	4.22	9.34	8.9	240.0	L7203700.SMT	SMTA	2.0180206155e+13	298.0
TCU103	24.3067	120.715	207	2	24.1006833333	121.729666667	6.31	6.26	488.6789	53.0	105.58	2.58	5.96	4.76	196.8	20703700.MNS	NANO	2.0180206155e+13	283.0
TAP020	25.0367	121.5343	284	3	24.1006833333	121.729666667	6.31	6.26	224.1817	471.0	105.65	5.46	9.88	11.02	180.0	C8403700.SMT	SMTA	2.0180206155e+13	349.0
MND015	25.045	121.5912	057	2	24.1006833333	121.729666667	6.31	6.26	0.0	0.0	105.68	3.42	6.94	6.78	55.0	05717400.CVA	CVA	2.01802061551e+13	352.0
TRB004	24.57	120.8223	004	3	24.1006833333	121.729666667	6.31	6.26	0.0	0.0	105.76	3.56	7.9	9.04	58.0	00403700.CVA	CVA	2.0180206155e+13	299.0
TCU150	23.89	120.7137	428	3	24.1006833333	121.729666667	6.31	6.26	539.962036837	88.0	105.94	5.96	10.14	11.46	218.3	42803700.MNS	NANO	2.0180206155e+13	257.0
TCU034	24.6367	120.8653	324	3	24.1006833333	121.729666667	6.31	6.26	391.5682	36.0	105.98	4.42	17.4	12.62	240.0	N2403700.SMT	SMTA	2.0180206155e+13	304.0
TRB018	24.1367	120.6873	009	2	24.1006833333	121.729666667	6.31	6.26	0.0	0.0	106.03	3.5	7.7	7.62	49.0	00903700.CVA	CVA	2.01802061551e+13	272.0
TAP001	25.0367	121.5138	421	3	24.1006833333	121.729666667	6.31	6.26	177.424860798	555.0	106.06	4.82	9.02	6.36	227.2	42103700.MNS	NANO	2.0180206155e+13	348.0
TRB012	25.0517	121.6072	035	2	24.1006833333	121.729666667	6.31	6.26	0.0	0.0	106.19	0.0	7.18	6.66	79.0	03503700.CVA	CVA	2.01802061548e+13	353.0
TCU062	24.1133	120.6842	203	3	24.1006833333	121.729666667	6.31	6.26	451.0261	66.0	106.29	3.68	8.84	10.68	240.0	M0303700.SMT	SMTA	2.0180206155e+13	271.0
TAP015	25.05	121.5795	115	3	24.1006833333	121.729666667	6.31	6.26	208.0805	198.0	106.3	6.92	9.74	12.22	222.1	11503700.MNS	NANO	2.0180206155e+13	352.0
TAP019	25.0367	121.496	578	3	24.1006833333	121.729666667	6.31	6.26	225.2252	401.0	106.34	4.48	14.16	10.34	71.0	F7803700.EVT	ETNA	2.01802061551e+13	347.0
TCU082	24.145	120.6842	245	2	24.1006833333	121.729666667	6.31	6.26	469.3734	60.0	106.38	2.56	6.12	6.0	60.0	C4503700.SMT	SMTA	2.01802061551e+13	273.0
TAP090	25.055	121.603	162	3	24.1006833333	121.729666667	6.31	6.26	324.6051	156.0	106.57	6.08	12.66	12.24	180.0	B6203700.SMT	SMTA	2.0180206155e+13	353.0
TCU172	24.1433	120.682	202	2	24.1006833333	121.729666667	6.31	6.26	0.0	0.0	106.6	2.52	6.72	5.34	240.0	M0203700.SMT	SMTA	2.0180206155e+13	273.0
TCU075	23.98	120.6877	188	2	24.1006833333	121.729666667	6.31	6.26	521.2406	58.6	106.8	3.47	0.0	6.55	49.0	18817400.CVA	CVA	2.01802061551e+13	263.0
TCU184	23.7483	120.7525	466	3	24.1006833333	121.729666667	6.31	6.26	0.0	0.0	106.82	11.88	21.24	21.22	240.0	O6603700.SMT	SMTA	2.0180206155e+13	249.0
TAP038	25.0217	121.4187	146	3	24.1006833333	121.729666667	6.31	6.26	209.0301	480.0	106.84	7.38	12.92	17.16	245.0	14603700.MNS	NANO	2.0180206155e+13	343.0
TCU125	23.9517	120.6905	218	3	24.1006833333	121.729666667	6.31	6.26	630.45	41.0	106.96	4.16	10.98	11.3	235.5	21803700.MNS	NANO	2.0180206155e+13	261.0
TRB016	24.59	120.8207	006	2	24.1006833333	121.729666667	6.31	6.26	0.0	0.0	107.04	3.3	6.24	6.02	54.0	00603700.CVA	CVA	2.0180206154e+13	300.0
TRB001	25.0467	121.517	032	3	24.1006833333	121.729666667	6.31	6.26	0.0	0.0	107.08	3.44	8.02	7.46	64.0	03203700.CVA	CVA	2.01802062346e+13	348.0
TCU006	24.9083	121.1493	122	2	24.1006833333	121.729666667	6.31	6.26	612.0575	19.0	107.17	3.88	6.08	5.72	213.0	12203700.MNS	NANO	2.0180206155e+13	327.0
TAP091	25.06	121.5905	584	3	24.1006833333	121.729666667	6.31	6.26	177.3	168.0	107.21	7.84	10.44	13.6	78.0	F8403700.EVT	ETNA	2.01802061551e+13	352.0
TAP077	25.0617	121.8512	235	2	24.1006833333	121.729666667	6.31	6.26	992.3917	5.5	107.24	2.86	5.64	5.34	240.0	M3503700.SMT	SMTA	2.0180206155e+13	7.0
TCU053	24.1917	120.6788	241	2	24.1006833333	121.729666667	6.31	6.26	452.1136	155.0	107.27	3.2	4.78	4.78	206.3	24103700.MNS	NANO	2.0180206155e+13	275.0
TCU055	24.1367	120.6748	247	2	24.1006833333	121.729666667	6.31	6.26	423.805654798	84.0	107.3	3.02	5.44	6.58	206.6	24703700.MNS	NANO	2.0180206155e+13	272.0
TAP125	25.0667	121.6548	175	3	24.1006833333	121.729666667	6.31	6.26	413.847671715	124.769	107.39	4.68	11.16	11.76	227.0	17503700.MNS	NANO	2.0180206155e+13	356.0
TAP014	25.055	121.5522	343	3	24.1006833333	121.729666667	6.31	6.26	192.1414	311.0	107.39	6.94	9.16	10.24	180.0	D4303700.SMT	SMTA	2.0180206155e+13	350.0
TAP037	25.0333	121.4415	340	3	24.1006833333	121.729666667	6.31	6.26	219.8773	205.0	107.46	4.68	9.8	10.88	235.6	34003700.MNS	NANO	2.0180206155e+13	344.0
TCU124	23.9133	120.6918	175	3	24.1006833333	121.729666667	6.31	6.26	242.0	122.4	107.59	7.44	11.86	15.5	240.0	L7503700.SMT	SMTA	2.0180206155e+13	259.0
TRB014	24.975	121.2673	033	3	24.1006833333	121.729666667	6.31	6.26	0.0	0.0	107.63	3.44	10.12	7.76	55.0	03303700.CVA	CVA	2.0180206155e+13	334.0
TCU015	24.755	120.9458	169	3	24.1006833333	121.729666667	6.31	6.26	430.6323	184.0	107.63	5.62	11.38	9.42	229.4	16903700.MNS	NANO	2.0180206155e+13	312.0
TAP103	25.07	121.7813	235	3	24.1006833333	121.729666667	6.31	6.26	444.9388	89.0	107.66	4.3	14.44	15.26	120.0	C3503700.SMT	SMTA	2.0180206155e+13	3.0
TAP013	25.055	121.5337	287	3	24.1006833333	121.729666667	6.31	6.26	207.929	242.0	107.72	5.62	8.24	9.84	180.0	C8703700.SMT	SMTA	2.0180206155e+13	349.0
MND010	24.1783	120.6725	498	2	24.1006833333	121.729666667	6.31	6.26	0.0	0.0	107.79	2.82	5.54	5.32	37.0	T498001.037	A900	2.0180206155e+13	275.0
TAP012	25.0533	121.5168	005	3	24.1006833333	121.729666667	6.31	6.26	207.3687	360.0	107.79	4.98	11.26	10.06	69.0	A0503700.EVT	ETNA	2.01802061551e+13	348.0
TCU007	24.9983	121.318	113	3	24.1006833333	121.729666667	6.31	6.26	427.474359186	154.0	107.92	4.78	11.04	7.66	230.8	11303700.MNS	NANO	2.0180206155e+13	337.0
TCU091	24.98	121.27	192	3	24.1006833333	121.729666667	6.31	6.26	625.61	72.0	108.06	3.54	11.54	6.48	236.0	19203700.MNS	NANO	2.0180206155e+13	334.0
TCU009	24.9617	121.2283	333	2	24.1006833333	121.729666667	6.31	6.26	465.9832	112.0	108.15	3.48	7.42	7.38	219.1	33303700.MNS	NANO	2.0180206155e+13	332.0
TCU175	24.9517	121.2043	457	3	24.1006833333	121.729666667	6.31	6.26	0.0	0.0	108.39	3.82	11.34	11.66	240.0	O5703700.SMT	SMTA	2.0180206155e+13	331.0
TCU166	23.875	120.6927	182	2	24.1006833333	121.729666667	6.31	6.26	480.386641663	85.9914	108.4	5.04	5.52	5.78	60.0	B8203700.SMT	SMTA	2.01802061551e+13	257.0
TCU129	23.875	120.6925	241	2	24.1006833333	121.729666667	6.31	6.26	506.4573	10.0	108.41	5.38	5.56	6.54	120.0	C4103700.SMT	SMTA	2.0180206155e+13	257.0
TCU081	24.8283	121.0142	237	3	24.1006833333	121.729666667	6.31	6.26	427.1375	91.0	108.43	4.32	9.8	11.0	120.0	C3703700.SMT	SMTA	2.0180206155e+13	318.0
TCU033	24.6833	120.8703	344	3	24.1006833333	121.729666667	6.31	6.26	420.5509	126.0	108.47	3.2	8.56	6.94	120.0	D4403700.SMT	SMTA	2.0180206155e+13	307.0
TAP011	25.055	121.4967	989	3	24.1006833333	121.729666667	6.31	6.26	211.0818	382.0	108.47	4.96	8.38	7.54	63.0	98903700.EVT	ETNA	2.01802061551e+13	347.0
HWA042	23.2183	121.2645	144	3	24.1006833333	121.729666667	6.31	6.26	547.989922186	74.0	108.48	4.2	10.3	12.7	214.4	14403700.MNS	NANO	2.0180206155e+13	206.0
TAP057	25.08	121.6942	330	3	24.1006833333	121.729666667	6.31	6.26	366.57	88.0	108.53	4.7	12.84	14.44	228.9	33003700.MNS	NANO	2.0180206155e+13	358.0
TCU076	23.905	120.6835	222	2	24.1006833333	121.729666667	6.31	6.26	573.2302	26.0	108.58	2.72	6.76	6.12	200.9	22203700.MNS	NANO	2.0180206155e+13	259.0
TCU164	24.8267	121.011	228	3	24.1006833333	121.729666667	6.31	6.26	345.818377763	86.0	108.6	3.86	8.16	10.94	240.0	M2803700.SMT	SMTA	2.0180206155e+13	318.0
TRB015	24.8167	120.9973	014	2	24.1006833333	121.729666667	6.31	6.26	0.0	0.0	108.7	3.1	7.54	6.7	49.0	01403700.CVA	CVA	2.0180206155e+13	317.0
TCU163	24.9983	121.2977	185	2	24.1006833333	121.729666667	6.31	6.26	641.5	91.0	108.79	3.14	7.5	6.48	120.0	B8503700.SMT	SMTA	2.0180206155e+13	336.0
TCU133	24.1333	120.6593	139	2	24.1006833333	121.729666667	6.31	6.26	424.437839599	120.0	108.86	3.04	7.56	5.1	49.0	13917400.CVA	CVA	2.01802061551e+13	272.0
TCU159	23.9067	120.6803	352	3	24.1006833333	121.729666667	6.31	6.26	757.65	24.0	108.89	5.42	8.2	6.64	60.0	D5203700.SMT	SMTA	2.01802061551e+13	259.0
TCU096	24.7917	120.966	152	3	24.1006833333	121.729666667	6.31	6.26	456.8992	133.0	108.92	4.92	9.0	6.92	180.0	15203700.MNS	NANO	2.0180206155e+13	315.0
TAP017	25.0517	121.4558	008	3	24.1006833333	121.729666667	6.31	6.26	221.3777	258.0	108.93	5.14	10.34	9.24	74.0	A0803700.EVT	ETNA	2.01802061551e+13	345.0
TCU051	24.1583	120.6597	177	2	24.1006833333	121.729666667	6.31	6.26	420.106425624	73.0	108.95	2.22	6.06	6.78	201.3	17703700.MNS	NANO	2.0180206155e+13	273.0
TCU173	24.11	120.6565	173	3	24.1006833333	121.729666667	6.31	6.26	0.0	0.0	109.1	3.42	6.38	8.66	240.0	L7303700.SMT	SMTA	2.0180206155e+13	271.0
TCU167	23.6633	120.7685	424	4	24.1006833333	121.729666667	6.31	6.26	363.85	67.0	109.15	9.32	42.78	41.7	240.0	O2403700.SMT	SMTA	2.0180206155e+13	244.0
TRB003	24.8	120.9703	013	2	24.1006833333	121.729666667	6.31	6.26	0.0	0.0	109.26	3.6	6.28	5.42	61.0	01303600.CVA	CVA	2.01802052351e+13	315.0
TAP009	25.0783	121.581	136	3	24.1006833333	121.729666667	6.31	6.26	187.5938	94.0	109.44	5.58	10.46	15.76	180.0	B3603700.SMT	SMTA	2.0180206155e+13	352.0
TAP008	25.0733	121.536	238	3	24.1006833333	121.729666667	6.31	6.26	191.5649	330.0	109.58	5.04	14.08	11.04	65.0	23803700.EVT	K2	2.01802061551e+13	350.0
TCU018	24.8783	121.0608	145	2	24.1006833333	121.729666667	6.31	6.26	619.9	92.0	109.64	3.98	7.66	5.86	227.4	14503700.MNS	NANO	2.0180206155e+13	322.0
TCU041	24.3883	120.6957	193	3	24.1006833333	121.729666667	6.31	6.26	448.580698479	86.0	109.78	4.1	10.18	7.74	240.0	L9303700.SMT	SMTA	2.0180206155e+13	287.0
TAP010	25.065	121.4778	234	3	24.1006833333	121.729666667	6.31	6.26	217.5332	510.0	109.83	3.6	7.52	8.54	233.4	23403700.MNS	NANO	2.0180206155e+13	347.0
TAP007	25.0733	121.5168	138	3	24.1006833333	121.729666667	6.31	6.26	204.3179	231.0	109.89	4.48	10.12	10.48	67.0	13817400.CVA	CVA	2.01802061551e+13	349.0
TRB011	25.095	121.7157	017	2	24.1006833333	121.729666667	6.31	6.26	0.0	0.0	110.14	3.36	7.28	7.38	64.0	01703700.CVA	CVA	2.01802061522e+13	359.0
TAP093	25.0833	121.566	582	3	24.1006833333	121.729666667	6.31	6.26	193.5796	172.0	110.19	6.14	14.62	14.52	91.0	F8203700.EVT	ETNA	2.01802061549e+13	351.0
TCU136	24.2583	120.6587	215	2	24.1006833333	121.729666667	6.31	6.26	458.0153	85.0	110.2	2.5	4.1	3.82	60.0	C1503700.SMT	SMTA	2.01802061551e+13	279.0
TCU083	24.9667	121.1943	247	3	24.1006833333	121.729666667	6.31	6.26	370.7136	87.0	110.26	4.38	8.2	8.88	180.0	C4703700.SMT	SMTA	2.0180206155e+13	331.0
TCU035	24.6133	120.797	345	2	24.1006833333	121.729666667	6.31	6.26	378.1195	114.0	110.4	3.32	6.36	6.34	240.0	N4503700.SMT	SMTA	2.0180206155e+13	301.0
TCU165	24.1267	120.6433	177	2	24.1006833333	121.729666667	6.31	6.26	435.831121844	57.0	110.47	2.56	6.64	6.06	240.0	L7703700.SMT	SMTA	2.0180206155e+13	272.0
TCU060	24.2217	120.6503	171	2	24.1006833333	121.729666667	6.31	6.26	605.2048	61.0	110.49	2.78	7.2	5.52	60.0	B7103700.SMT	SMTA	2.01802061551e+13	277.0
TAP016	25.06	121.4312	235	3	24.1006833333	121.729666667	6.31	6.26	326.64	643.0	110.64	4.14	8.12	6.4	232.7	23503700.MNS	NANO	2.0180206155e+13	344.0
TCU016	24.8133	120.9657	459	3	24.1006833333	121.729666667	6.31	6.26	485.4762	69.0	110.68	3.32	8.4	7.94	240.0	O5903700.SMT	SMTA	2.0180206155e+13	316.0
TCU029	24.5567	120.7575	164	2	24.1006833333	121.729666667	6.31	6.26	404.831	35.0	110.88	4.38	6.82	6.3	240.0	L6403700.SMT	SMTA	2.0180206155e+13	297.0
TCU036	24.4467	120.7048	184	3	24.1006833333	121.729666667	6.31	6.26	483.1307	66.0	110.89	4.22	6.8	8.24	240.0	L8403700.SMT	SMTA	2.0180206155e+13	290.0
TCU050	24.18	120.6417	155	2	24.1006833333	121.729666667	6.31	6.26	539.3258	58.0	110.92	2.06	4.22	5.8	240.0	L5503700.SMT	SMTA	2.0180206155e+13	275.0
TCU152	24.81	120.9577	049	2	24.1006833333	121.729666667	6.31	6.26	348.113525425	33.0	110.94	2.88	6.22	5.5	60.0	04903700.CVA	CVA	2.01802061549e+13	315.0
TAP046	25.1017	121.7772	224	2	24.1006833333	121.729666667	6.31	6.26	822.03	10.5	111.07	4.22	5.84	5.52	216.4	22403700.MNS	NANO	2.0180206155e+13	2.0
TAP063	25.105	121.7382	382	2	24.1006833333	121.729666667	6.31	6.26	631.78	12.0	111.3	2.86	4.38	6.1	208.5	38203700.MNS	NANO	2.0180206155e+13	0.0
TCU097	24.7883	120.9273	212	3	24.1006833333	121.729666667	6.31	6.26	611.28	86.0	111.45	3.28	8.32	6.94	220.5	21203700.MNS	NANO	2.0180206155e+13	313.0
TCU056	24.1567	120.6335	221	3	24.1006833333	121.729666667	6.31	6.26	401.1902	53.0	111.59	2.98	8.22	6.24	203.3	22103700.MNS	NANO	2.0180206155e+13	273.0
TRB005	24.605	120.7782	003	3	24.1006833333	121.729666667	6.31	6.26	0.0	0.0	111.62	5.78	14.54	13.82	78.0	00303700.CVA	CVA	2.0180206235e+13	300.0
MTN115	25.105	121.8448	253	2	24.1006833333	121.729666667	6.31	6.26	413.43	34.0	111.85	2.98	3.84	4.7	81.0	T027001.037	A900	2.0180206155e+13	6.0
TCU134	24.1217	120.6293	196	3	24.1006833333	121.729666667	6.31	6.26	439.614784188	85.0	111.88	3.98	9.8	9.66	218.4	19603700.MNS	NANO	2.0180206155e+13	271.0
TRB009	25.1083	121.8058	012	2	24.1006833333	121.729666667	6.31	6.26	0.0	0.0	111.93	3.3	5.86	5.4	45.0	01203700.CVA	CVA	2.0180206155e+13	4.0
TAP045	25.1083	121.823	150	2	24.1006833333	121.729666667	6.31	6.26	987.65	12.0	112.14	2.96	3.26	3.82	196.8	15003700.MNS	NANO	2.0180206155e+13	5.0
TAP006	25.0933	121.5152	305	2	24.1006833333	121.729666667	6.31	6.26	198.3733	182.0	112.15	3.62	6.88	6.62	180.0	D0503700.SMT	SMTA	2.0180206155e+13	349.0
TAP098	25.1	121.5477	197	3	24.1006833333	121.729666667	6.31	6.26	525.775136788	53.0	112.27	3.24	8.68	10.64	240.0	L9703700.SMT	SMTA	2.0180206155e+13	351.0
TCU135	24.3317	120.6533	314	2	24.1006833333	121.729666667	6.31	6.26	619.7707	18.0	112.31	2.96	5.24	5.14	60.0	D1403700.SMT	SMTA	2.01802061551e+13	283.0
TCU063	24.1067	120.6238	181	3	24.1006833333	121.729666667	6.31	6.26	476.1527	157.0	112.42	2.84	9.26	7.26	60.0	B8103700.SMT	SMTA	2.01802061551e+13	270.0
TAP003	25.085	121.4572	217	3	24.1006833333	121.729666667	6.31	6.26	209.3656	626.0	112.57	6.24	8.26	9.54	251.5	21703700.MNS	NANO	2.0180206155e+13	346.0
MTN104	25.105	121.5642	013	2	24.1006833333	121.729666667	6.31	6.26	0.0	0.0	112.59	2.26	4.18	4.06	75.0	T013001.037	A900	2.01802061551e+13	351.0
TCU126	23.7633	120.6862	246	3	24.1006833333	121.729666667	6.31	6.26	469.078966227	24.0	112.6	5.02	10.3	12.06	205.7	24603700.MNS	NANO	2.0180206155e+13	251.0
TCU100	24.1833	120.625	154	2	24.1006833333	121.729666667	6.31	6.26	500.817307993	60.0	112.64	2.38	6.0	3.92	240.0	L5403700.SMT	SMTA	2.0180206155e+13	275.0
TCU014	25.0433	121.3153	107	3	24.1006833333	121.729666667	6.31	6.26	523.2406	19.0	112.69	4.62	10.2	8.8	228.8	10703700.MNS	NANO	2.0180206155e+13	338.0
MTN120	25.0817	121.436	173	3	24.1006833333	121.729666667	6.31	6.26	0.0	0.0	112.71	5.42	13.52	12.58	90.0	T173001.037	A900	2.0180206155e+13	345.0
TCU176	25.025	121.2582	458	2	24.1006833333	121.729666667	6.31	6.26	0.0	0.0	112.97	3.32	6.78	5.66	240.0	O5803700.SMT	SMTA	2.0180206155e+13	335.0
TCU057	24.17	120.62	158	2	24.1006833333	121.729666667	6.31	6.26	514.09025783	49.0	113.04	2.26	5.34	4.86	240.0	L5803700.SMT	SMTA	2.0180206155e+13	274.0
TCU008	25.0067	121.2145	179	3	24.1006833333	121.729666667	6.31	6.26	468.182283337	70.0	113.13	2.98	9.42	7.56	233.6	17903700.MNS	NANO	2.0180206155e+13	333.0
TAP058	25.125	121.722	367	2	24.1006833333	121.729666667	6.31	6.26	1056.71	15.5	113.46	1.94	2.58	3.58	203.0	36703700.MNS	NANO	2.0180206155e+13	0.0
TCU120	23.9767	120.6213	176	3	24.1006833333	121.729666667	6.31	6.26	458.1552	58.8	113.55	5.68	6.86	8.72	240.0	L7603700.SMT	SMTA	2.0180206155e+13	263.0
TAP052	25.08	121.3897	186	3	24.1006833333	121.729666667	6.31	6.26	434.4049	68.0	113.81	3.24	11.44	11.44	210.1	18603700.MNS	NANO	2.0180206155e+13	342.0
HWA004	23.1717	121.2483	115	3	24.1006833333	121.729666667	6.31	6.26	319.5909	51.0	113.9	6.22	13.32	12.48	75.0	11503700.CVA	CVA	2.01802061551e+13	206.0
TAP121	25.1283	121.7838	351	2	24.1006833333	121.729666667	6.31	6.26	583.95	56.0	113.98	4.46	7.98	6.66	213.0	35103700.MNS	NANO	2.0180206155e+13	3.0
TAP004	25.105	121.4828	242	3	24.1006833333	121.729666667	6.31	6.26	195.5289	258.0	114.04	4.02	8.22	7.2	256.0	24203700.MNS	NANO	2.0180206155e+13	347.0
TAP111	25.13	121.7462	432	2	24.1006833333	121.729666667	6.31	6.26	390.603538158	118.8	114.06	3.44	4.4	4.52	240.0	O3203700.SMT	SMTA	2.0180206155e+13	1.0
TAP061	25.1317	121.7608	166	3	24.1006833333	121.729666667	6.31	6.26	490.46	34.0	114.24	2.52	10.7	7.66	215.4	16603700.MNS	NANO	2.0180206155e+13	2.0
TAP051	25.0983	121.4493	431	2	24.1006833333	121.729666667	6.31	6.26	401.8216	155.0	114.24	3.12	5.74	5.02	240.0	O3103700.SMT	SMTA	2.0180206155e+13	346.0
TCU093	24.85	120.9552	135	3	24.1006833333	121.729666667	6.31	6.26	233.597745426	160.0	114.28	3.88	8.34	9.36	240.0	13503700.MNS	NANO	2.0180206155e+13	317.0
MND013	23.505	120.8127	052	3	24.1006833333	121.729666667	6.31	6.26	0.0	0.0	114.35	3.54	10.48	13.3	60.0	05203700.CVA	CVA	2.0180206155e+13	235.0
TCU037	24.4917	120.6837	130	2	24.1006833333	121.729666667	6.31	6.26	463.4636	248.0	114.68	3.48	4.38	5.32	224.9	13003700.MNS	NANO	2.0180206155e+13	292.0
TAP070	25.1217	121.9197	364	2	24.1006833333	121.729666667	6.31	6.26	701.67	14.0	114.73	1.8	3.32	3.04	179.6	36403700.MNS	NANO	2.0180206155e+13	10.0
TCU104	24.2433	120.6092	208	2	24.1006833333	121.729666667	6.31	6.26	403.4698	104.0	114.95	2.46	4.1	5.36	60.0	C0803700.SMT	SMTA	2.01802061551e+13	278.0
TAP096	25.1183	121.5048	993	2	24.1006833333	121.729666667	6.31	6.26	161.0393	145.0	115.01	4.16	5.52	6.96	65.0	99303700.EVT	ETNA	2.01802061551e+13	349.0
TAP087	25.1	121.4233	191	2	24.1006833333	121.729666667	6.31	6.26	510.681264051	72.9308	115.11	3.26	5.12	2.84	60.0	B9103700.SMT	SMTA	2.01802061551e+13	344.0
TCU010	25.0	121.162	188	3	24.1006833333	121.729666667	6.31	6.26	466.894020297	112.0	115.12	2.9	6.86	8.18	240.0	L8803700.SMT	SMTA	2.0180206155e+13	330.0
TCU031	24.5583	120.7097	349	2	24.1006833333	121.729666667	6.31	6.26	476.3039	93.0	115.3	3.76	5.42	4.76	231.2	34903700.MNS	NANO	2.0180206155e+13	296.0
TCU040	24.4483	120.655	319	2	24.1006833333	121.729666667	6.31	6.26	336.191	78.0	115.72	4.1	7.36	7.84	240.0	N1903700.SMT	SMTA	2.0180206155e+13	289.0
TCU001	24.9733	121.1013	310	2	24.1006833333	121.729666667	6.31	6.26	570.2338	176.0	115.75	3.12	7.4	5.52	218.5	31003700.MNS	NANO	2.0180206155e+13	327.0
TCU064	24.3433	120.6193	146	2	24.1006833333	121.729666667	6.31	6.26	646.97	62.0	115.96	2.14	3.84	4.08	240.0	L4603700.SMT	SMTA	2.0180206155e+13	283.0
TCU019	24.9	120.9873	134	2	24.1006833333	121.729666667	6.31	6.26	505.9875	196.0	116.24	3.12	5.46	7.96	228.6	13403700.MNS	NANO	2.0180206155e+13	320.0
TCU138	23.92	120.6028	100	3	24.1006833333	121.729666667	6.31	6.26	604.2296	134.7	116.36	3.28	8.6	4.52	240.0	10003700.SMT	SMTA	2.0180206155e+13	260.0
TAP002	25.125	121.4668	232	3	24.1006833333	121.729666667	6.31	6.26	373.9483	563.0	116.63	5.6	13.52	9.92	226.8	23203700.MNS	NANO	2.0180206155e+13	347.0
TAP042	25.125	121.464	375	2	24.1006833333	121.729666667	6.31	6.26	509.652968532	271.0	116.66	3.38	7.0	7.24	222.8	37503700.MNS	NANO	2.0180206155e+13	347.0
TAP104	25.1533	121.7397	984	2	24.1006833333	121.729666667	6.31	6.26	714.96	47.0	116.68	2.48	5.26	5.54	61.0	98403700.EVT	ETNA	2.01802061551e+13	0.0
TAP060	25.155	121.7303	154	2	24.1006833333	121.729666667	6.31	6.26	691.91	33.0	116.78	2.54	4.06	3.98	201.3	15403700.MNS	NANO	2.0180206155e+13	0.0
TTN014	23.0967	121.3732	246	3	24.1006833333	121.729666667	6.31	6.26	539.6169	63.3	116.87	3.98	10.04	9.02	60.0	C4603700.SMT	SMTA	2.01802061551e+13	198.0
TAP059	25.155	121.6935	151	2	24.1006833333	121.729666667	6.31	6.26	450.55	31.0	116.93	2.18	4.28	4.5	213.6	15103700.MNS	NANO	2.0180206155e+13	358.0
TRB020	23.8117	120.6212	011	3	24.1006833333	121.729666667	6.31	6.26	0.0	0.0	117.27	3.34	6.94	8.86	52.0	01103700.CVA	CVA	2.01802061551e+13	254.0
TAP106	25.1333	121.4727	581	3	24.1006833333	121.729666667	6.31	6.26	529.869803203	155.0	117.43	5.08	13.96	11.68	63.0	F8103700.EVT	ETNA	2.01802061551e+13	347.0
TCU122	23.8117	120.618	293	3	24.1006833333	121.729666667	6.31	6.26	623.58	23.0	117.57	4.24	7.06	8.88	60.0	C9303700.SMT	SMTA	2.01802061551e+13	254.0
TAP094	25.14	121.4832	244	3	24.1006833333	121.729666667	6.31	6.26	409.86	596.0	117.87	4.3	9.98	7.44	224.3	24403700.MNS	NANO	2.0180206155e+13	348.0
MTN118	25.1283	121.4177	412	3	24.1006833333	121.729666667	6.31	6.26	0.0	0.0	118.26	5.2	9.16	8.14	223.8	41203700.MNS	NANO	2.0180206155e+13	345.0
TCU004	25.06	121.203	158	2	24.1006833333	121.729666667	6.31	6.26	518.806744488	184.0	118.9	2.7	5.9	6.58	220.1	15803700.MNS	NANO	2.0180206155e+13	333.0
TCU105	24.2367	120.5678	318	3	24.1006833333	121.729666667	6.31	6.26	539.132	31.0	119.03	2.52	9.04	7.22	240.0	N1803700.SMT	SMTA	2.0180206155e+13	277.0
TCU059	24.2667	120.5718	503	3	24.1006833333	121.729666667	6.31	6.26	232.1892	73.0	119.06	9.08	14.32	18.32	180.0	F0303700.SMT	SMTA	2.0180206155e+13	279.0
TAP056	25.1617	121.5447	226	2	24.1006833333	121.729666667	6.31	6.26	590.0871	8.0	119.06	1.84	4.12	4.7	180.3	22603700.MNS	NANO	2.0180206155e+13	351.0
TCU171	24.345	120.5878	315	2	24.1006833333	121.729666667	6.31	6.26	0.0	0.0	119.09	2.18	5.26	5.44	240.0	N1503700.SMT	SMTA	2.0180206155e+13	283.0
TCU116	23.855	120.5888	197	3	24.1006833333	121.729666667	6.31	6.26	463.2489	100.1	119.22	4.8	9.08	8.72	221.4	19703700.MNS	NANO	2.0180206155e+13	257.0
TCU106	24.0817	120.5568	322	3	24.1006833333	121.729666667	6.31	6.26	450.9583	210.0	119.26	5.56	10.58	11.5	120.0	D2203700.SMT	SMTA	2.01802061551e+13	269.0
TCU061	24.1333	120.5568	669	3	24.1006833333	121.729666667	6.31	6.26	365.2968	272.0	119.27	3.78	9.84	11.54	120.0	G6903700.SMT	SMTA	2.01802061551e+13	272.0
TAP049	25.1467	121.4455	106	3	24.1006833333	121.729666667	6.31	6.26	528.156445415	89.0	119.4	7.16	12.14	10.32	237.6	10603700.MNS	NANO	2.0180206155e+13	346.0
CHY024	23.755	120.6157	111	3	24.1006833333	121.729666667	6.31	6.26	408.4967	5.0	119.68	4.32	8.46	10.44	208.2	11103700.MNS	NANO	2.0180206155e+13	251.0
TTN020	23.125	121.2147	422	2	24.1006833333	121.729666667	6.31	6.26	514.4474	100.0	120.07	4.58	5.44	7.22	215.4	42203700.MNS	NANO	2.0180206155e+13	206.0
TCU003	25.045	121.1432	112	3	24.1006833333	121.729666667	6.31	6.26	507.228	175.0	120.35	3.26	8.74	6.56	225.9	11203700.MNS	NANO	2.0180206155e+13	330.0
TCU090	23.645	120.6558	228	3	24.1006833333	121.729666667	6.31	6.26	550.863	26.0	120.39	5.2	15.16	14.84	211.0	22803700.MNS	NANO	2.0180206155e+13	245.0
TCU070	24.195	120.5475	447	3	24.1006833333	121.729666667	6.31	6.26	396.4845	59.0	120.6	3.82	16.2	12.5	240.0	O4703700.SMT	SMTA	2.0180206155e+13	275.0
TAP050	25.15	121.4042	219	3	24.1006833333	121.729666667	6.31	6.26	281.003824965	113.0	120.81	5.36	10.62	9.48	237.3	21903700.MNS	NANO	2.0180206155e+13	344.0
CHY080	23.5967	120.6768	416	4	24.1006833333	121.729666667	6.31	6.26	499.1681	46.0	120.87	8.72	19.66	33.6	240.0	O1603700.SMT	SMTA	2.0180206155e+13	243.0
TCU180	23.9917	120.5458	472	3	24.1006833333	121.729666667	6.31	6.26	0.0	0.0	120.99	4.2	9.6	7.76	300.0	O7203700.SMT	SMTA	2.0180206155e+13	264.0
TRB019	24.0817	120.539	007	3	24.1006833333	121.729666667	6.31	6.26	0.0	0.0	121.07	3.8	13.94	11.42	74.0	00703700.CVA	CVA	2.0180206155e+13	269.0
MTN158	23.2483	120.9862	427	3	24.1006833333	121.729666667	6.31	6.26	0.0	0.0	121.08	4.72	8.66	6.68	214.2	42703700.MNS	NANO	2.0180206155e+13	219.0
TAP055	25.1633	121.4488	138	3	24.1006833333	121.729666667	6.31	6.26	731.55	16.0	121.25	3.46	8.12	6.96	224.0	13803700.MNS	NANO	2.0180206155e+13	346.0
TCU158	24.0633	120.536	332	3	24.1006833333	121.729666667	6.31	6.26	330.280305644	177.0	121.44	7.12	14.16	13.98	300.0	N3203700.SMT	SMTA	2.0180206155e+13	268.0
TCU181	23.9533	120.5457	470	3	24.1006833333	121.729666667	6.31	6.26	0.0	0.0	121.53	4.44	12.56	12.22	300.0	O7003700.SMT	SMTA	2.0180206155e+13	262.0
TCU108	24.0833	120.5325	366	3	24.1006833333	121.729666667	6.31	6.26	256.608821098	99.0	121.73	3.98	10.96	6.92	239.2	36603700.MNS	NANO	2.0180206155e+13	269.0
TCU168	25.0067	121.0475	133	2	24.1006833333	121.729666667	6.31	6.26	476.230363623	87.9792	121.86	2.18	5.7	6.62	218.1	13303700.MNS	NANO	2.0180206155e+13	325.0
TAP114	25.2017	121.6607	233	2	24.1006833333	121.729666667	6.31	6.26	722.28	43.0	122.21	1.42	4.62	3.42	196.8	23303700.MNS	NANO	2.0180206155e+13	357.0
TAP040	25.1717	121.4417	104	3	24.1006833333	121.729666667	6.31	6.26	432.526	32.0	122.27	4.06	6.76	8.76	212.7	10403700.MNS	NANO	2.0180206155e+13	346.0
TCU002	25.035	121.0832	323	3	24.1006833333	121.729666667	6.31	6.26	502.1341	196.0	122.5	2.36	8.96	5.84	229.5	32303700.MNS	NANO	2.0180206155e+13	328.0
TTN022	23.095	121.2192	526	3	24.1006833333	121.729666667	6.31	6.26	503.217377748	33.0	122.94	5.14	15.02	10.72	120.0	F2603700.SMT	SMTA	2.01802061551e+13	205.0
TTN041	23.1317	121.1252	100	2	24.1006833333	121.729666667	6.31	6.26	431.5926	35.0	123.7	5.78	7.34	7.72	55.0	10003700.CVA	CVA	2.01802061551e+13	210.0
CHY083	23.7217	120.5858	200	3	24.1006833333	121.729666667	6.31	6.26	374.0182	392.8	123.77	5.66	18.06	15.76	120.0	C0003700.SMT	SMTA	2.01802061551e+13	250.0
TCU149	24.255	120.5232	238	3	24.1006833333	121.729666667	6.31	6.26	250.531347619	120.0	123.79	0.0	8.43	10.37	120.0	C3803700.SMT	SMTA	2.01802061551e+13	278.0
TTN051	23.1867	121.025	500	2	24.1006833333	121.729666667	6.31	6.26	902.74	11.0	124.12	2.2	4.32	3.46	60.0	F0003700.SMT	SMTA	2.01802061551e+13	215.0
TTN021	23.1017	121.176	131	2	24.1006833333	121.729666667	6.31	6.26	673.86	13.0	124.2	2.04	2.54	2.78	190.1	13103700.MNS	NANO	2.0180206155e+13	207.0
TCU182	23.8917	120.5273	469	3	24.1006833333	121.729666667	6.31	6.26	0.0	0.0	124.49	4.2	10.06	9.02	240.0	O6903700.SMT	SMTA	2.0180206155e+13	259.0
CHY028	23.63	120.6157	166	3	24.1006833333	121.729666667	6.31	6.26	546.906333175	39.0	124.82	7.4	11.28	11.02	59.0	16617400.CVA	CVA	2.01802061551e+13	245.0
TCU179	24.0333	120.504	468	3	24.1006833333	121.729666667	6.31	6.26	0.0	0.0	124.85	4.6	11.26	12.52	300.0	O6803700.SMT	SMTA	2.0180206155e+13	267.0
TCU162	23.8767	120.5205	117	3	24.1006833333	121.729666667	6.31	6.26	284.899390837	235.0	125.5	2.98	11.44	8.7	237.1	11703700.MNS	NANO	2.0180206155e+13	259.0
TCU111	24.1117	120.4948	304	3	24.1006833333	121.729666667	6.31	6.26	233.4721	170.0	125.53	5.92	14.14	11.22	245.6	30403700.MNS	NANO	2.0180206155e+13	271.0
TTN043	23.0267	121.3308	093	2	24.1006833333	121.729666667	6.31	6.26	490.596892886	58.0	125.68	3.54	7.66	7.88	57.0	09303700.CVA	CVA	2.01802061548e+13	199.0
TCU146	24.16	120.4913	343	3	24.1006833333	121.729666667	6.31	6.26	224.976211949	259.0	126.04	3.04	11.94	8.56	300.0	N4303700.SMT	SMTA	2.0180206155e+13	273.0
TRB027	23.7167	120.5637	036	3	24.1006833333	121.729666667	6.31	6.26	0.0	0.0	126.09	5.14	13.22	13.28	74.0	03603700.CVA	CVA	2.01802061551e+13	250.0
CHY101	23.6833	120.5703	201	3	24.1006833333	121.729666667	6.31	6.26	252.3659	149.0	126.73	4.84	11.24	11.36	120.0	C0103700.SMT	SMTA	2.01802061551e+13	249.0
CHY025	23.7767	120.5228	211	3	24.1006833333	121.729666667	6.31	6.26	276.4977	299.8	127.95	4.86	10.7	8.98	229.9	21103700.MNS	NANO	2.0180206155e+13	254.0
TCU117	24.1317	120.4683	143	3	24.1006833333	121.729666667	6.31	6.26	207.168	428.0	128.26	0.0	14.56	11.28	189.5	14303700.MNS	NANO	2.0180206155e+13	272.0
TCU115	23.9567	120.4778	190	3	24.1006833333	121.729666667	6.31	6.26	184.9283	168.0	128.31	5.7	11.3	11.0	260.1	19003700.MNS	NANO	2.0180206155e+13	263.0
TRB026	23.7117	120.541	039	3	24.1006833333	121.729666667	6.31	6.26	0.0	0.0	128.44	4.22	21.1	12.52	72.0	03903700.CVA	CVA	2.01802061549e+13	250.0
CHY003	23.7133	120.5385	353	3	24.1006833333	121.729666667	6.31	6.26	183.187954003	117.0	128.58	4.18	19.44	12.0	120.0	D5303700.SMT	SMTA	2.01802061551e+13	251.0
CHY103	23.6983	120.539	360	3	24.1006833333	121.729666667	6.31	6.26	223.6583	280.0	129.12	6.28	20.22	13.64	120.0	D6003700.SMT	SMTA	2.01802061551e+13	250.0
CHY011	23.4817	120.6543	355	3	24.1006833333	121.729666667	6.31	6.26	581.469012508	45.9	129.18	3.92	13.52	10.62	60.0	D5503700.SMT	SMTA	2.01802061551e+13	238.0
TTN023	23.05	121.1638	419	3	24.1006833333	121.729666667	6.31	6.26	542.2013	22.0	129.79	4.96	13.4	16.74	237.2	41903700.MNS	NANO	2.0180206155e+13	206.0
TTN042	22.9983	121.2852	094	2	24.1006833333	121.729666667	6.31	6.26	824.5156	22.5	130.16	2.96	6.64	4.44	49.0	09403700.CVA	CVA	2.01802061551e+13	200.0
TAP083	25.2567	121.5027	240	2	24.1006833333	121.729666667	6.31	6.26	497.798416825	18.0	130.23	1.46	2.68	2.58	180.5	24003700.MNS	NANO	2.0180206155e+13	350.0
TRB035	23.045	121.1645	023	2	24.1006833333	121.729666667	6.31	6.26	0.0	0.0	130.25	3.38	7.78	7.92	79.0	02303700.CVA	CVA	2.0180206155e+13	206.0
TCU144	24.0833	120.4442	449	3	24.1006833333	121.729666667	6.31	6.26	218.5339923	351.0	130.71	2.86	10.14	10.62	300.0	O4903700.SMT	SMTA	2.0180206155e+13	269.0
CHY092	23.7883	120.4862	125	3	24.1006833333	121.729666667	6.31	6.26	252.2068	301.5	131.19	3.16	8.0	10.14	228.1	12503700.MNS	NANO	2.0180206155e+13	255.0
TCU121	23.8933	120.459	344	3	24.1006833333	121.729666667	6.31	6.26	232.423	329.4	131.28	4.3	10.46	11.08	180.0	34403700.MNS	NANO	2.0180206155e+13	260.0
TCU141	23.8317	120.4713	236	3	24.1006833333	121.729666667	6.31	6.26	221.2226	270.9	131.46	4.54	11.26	8.18	300.0	M3603700.SMT	SMTA	2.0180206155e+13	257.0
MTN156	23.2517	120.8197	425	2	24.1006833333	121.729666667	6.31	6.26	0.0	0.0	132.05	3.04	5.1	3.2	202.9	42503700.MNS	NANO	2.0180206155e+13	225.0
TCU112	24.055	120.4303	189	3	24.1006833333	121.729666667	6.31	6.26	191.2655	466.9	132.21	3.4	10.3	10.52	248.1	18903700.MNS	NANO	2.0180206155e+13	268.0
TTN002	22.9717	121.3045	128	2	24.1006833333	121.729666667	6.31	6.26	663.937147283	23.0	132.27	2.74	5.78	7.24	53.0	12803700.CVA	CVA	2.0180206155e+13	199.0
TAP123	25.2867	121.5887	205	2	24.1006833333	121.729666667	6.31	6.26	440.72	409.6	132.27	1.98	2.8	2.64	180.3	20503700.MNS	NANO	2.0180206155e+13	354.0
CHY006	23.5783	120.5602	395	3	24.1006833333	121.729666667	6.31	6.26	422.684	54.3	132.38	11.02	19.18	16.24	120.0	D9503700.SMT	SMTA	2.01802061551e+13	244.0
TCU118	24.0	120.4315	319	3	24.1006833333	121.729666667	6.31	6.26	228.554	170.0	132.49	5.32	14.68	12.66	266.2	31903700.MNS	NANO	2.0180206155e+13	265.0
CHY035	23.5183	120.5917	350	3	24.1006833333	121.729666667	6.31	6.26	554.221319047	166.9	132.66	8.26	16.28	13.14	224.4	35003700.MNS	NANO	2.0180206155e+13	241.0
CHY029	23.6117	120.5373	181	3	24.1006833333	121.729666667	6.31	6.26	541.6629	127.0	132.93	4.32	8.98	8.4	210.6	18103700.MNS	NANO	2.0180206155e+13	246.0
TTN044	23.005	121.174	099	3	24.1006833333	121.729666667	6.31	6.26	353.3569	114.0	133.85	5.98	9.48	11.46	91.0	09903700.CVA	CVA	2.0180206155e+13	205.0
TCU178	24.0267	120.4123	465	3	24.1006833333	121.729666667	6.31	6.26	0.0	0.0	134.2	3.28	9.24	8.26	300.0	O6503700.SMT	SMTA	2.0180206155e+13	267.0
CHY084	23.7267	120.464	302	3	24.1006833333	121.729666667	6.31	6.26	259.0674	157.0	135.34	4.12	10.4	13.74	250.1	30203700.MNS	NANO	2.0180206155e+13	252.0
TTN046	22.9617	121.241	116	2	24.1006833333	121.729666667	6.31	6.26	529.100529101	75.0	135.57	2.28	6.18	6.34	51.0	11603700.CVA	CVA	2.01802061549e+13	202.0
TCU183	23.875	120.4163	462	3	24.1006833333	121.729666667	6.31	6.26	0.0	0.0	135.93	4.16	10.98	7.96	240.0	O6203700.SMT	SMTA	2.0180206155e+13	259.0
CHY034	23.52	120.5525	324	3	24.1006833333	121.729666667	6.31	6.26	383.1418	225.0	136.06	9.22	15.96	20.88	120.0	D8803700.SMT	SMTA	2.01802061551e+13	242.0
CHY041	23.4383	120.6047	237	2	24.1006833333	121.729666667	6.31	6.26	488.1224	20.0	136.09	3.08	7.44	5.56	240.0	N9603700.SMT	SMTA	2.0180206155e+13	237.0
CHY104	23.6667	120.4735	114	3	24.1006833333	121.729666667	6.31	6.26	218.8024	320.2	136.6	4.7	16.98	14.78	251.4	11403700.MNS	NANO	2.0180206155e+13	249.0
CHY026	23.795	120.4195	142	3	24.1006833333	121.729666667	6.31	6.26	220.6369	295.5	137.54	3.64	9.12	8.3	236.2	14203700.MNS	NANO	2.0180206155e+13	256.0
TCU113	23.89	120.3953	139	3	24.1006833333	121.729666667	6.31	6.26	231.0892	437.8	137.72	4.42	17.42	13.44	179.7	13903700.MNS	NANO	2.0180206155e+13	260.0
TTN045	22.9733	121.1563	190	2	24.1006833333	121.729666667	6.31	6.26	539.471318108	30.0	137.82	3.24	5.66	6.7	240.0	L9003700.SMT	SMTA	2.0180206155e+13	205.0
CHY036	23.605	120.488	173	3	24.1006833333	121.729666667	6.31	6.26	236.0532	34.0	137.86	4.02	19.68	19.6	79.0	17317400.CVA	CVA	2.01802061551e+13	247.0
CHY010	23.4617	120.553	300	3	24.1006833333	121.729666667	6.31	6.26	816.86	14.0	139.16	4.52	8.26	7.8	60.0	D0003700.SMT	SMTA	2.01802061551e+13	240.0
TCU140	23.955	120.3678	216	3	24.1006833333	121.729666667	6.31	6.26	221.9263	554.9	139.44	3.42	9.64	10.3	240.0	21603700.MNS	NANO	2.0180206155e+13	263.0
CHY002	23.7167	120.42	149	3	24.1006833333	121.729666667	6.31	6.26	229.62	405.7	139.95	3.74	15.24	9.84	245.5	14903700.MNS	NANO	2.0180206155e+13	252.0
CHY045	23.3	120.6668	176	2	24.1006833333	121.729666667	6.31	6.26	627.5494	28.5	140.01	2.5	5.58	6.3	50.0	17617400.CVA	CVA	2.01802061551e+13	231.0
CHY139	23.6433	120.431	355	3	24.1006833333	121.729666667	6.31	6.26	0.0	0.0	141.58	4.68	16.72	16.14	300.0	N5503700.SMT	SMTA	2.0180206155e+13	249.0
CHY132	23.4583	120.5237	170	3	24.1006833333	121.729666667	6.31	6.26	513.291093476	97.8	141.96	3.8	8.74	10.34	58.0	17017400.CVA	CVA	2.01802061551e+13	240.0
TTN034	22.895	121.2487	204	2	24.1006833333	121.729666667	6.31	6.26	457.491422036	47.0	142.19	2.18	4.96	3.52	240.0	M0403700.SMT	SMTA	2.0180206155e+13	200.0
CHY042	23.355	120.5918	169	2	24.1006833333	121.729666667	6.31	6.26	252.29	51.0	142.31	5.12	5.12	6.46	49.0	16917400.CVA	CVA	2.01802061551e+13	235.0
CHY086	23.35	120.594	418	3	24.1006833333	121.729666667	6.31	6.26	451.58	64.0	142.45	4.1	11.16	8.08	240.0	O1803700.SMT	SMTA	2.0180206155e+13	234.0
CHY133	23.5317	120.4743	358	3	24.1006833333	121.729666667	6.31	6.26	499.633689379	141.0	142.57	5.46	14.24	12.7	180.0	D5803700.SMT	SMTA	2.0180206155e+13	244.0
CHY005	23.61	120.4217	371	3	24.1006833333	121.729666667	6.31	6.26	211.0298	385.0	143.88	3.24	16.84	11.1	251.9	37103700.MNS	NANO	2.0180206155e+13	248.0
CHY038	23.5333	120.4555	376	3	24.1006833333	121.729666667	6.31	6.26	372.8792	311.0	144.17	5.08	9.26	7.52	218.6	37603700.MNS	NANO	2.0180206155e+13	244.0
TCU119	23.9217	120.3203	137	3	24.1006833333	121.729666667	6.31	6.26	222.0	659.7	144.72	3.96	10.0	15.86	250.6	13703700.MNS	NANO	2.0180206155e+13	262.0
TTN035	22.8783	121.2277	238	2	24.1006833333	121.729666667	6.31	6.26	519.752359206	60.0	144.75	2.38	4.68	4.94	240.0	M3803700.SMT	SMTA	2.0180206155e+13	201.0
CHY037	23.5533	120.4292	180	3	24.1006833333	121.729666667	6.31	6.26	208.7755	402.2	145.64	4.14	18.24	12.9	75.0	18017400.CVA	CVA	2.01802061551e+13	245.0
CHY046	23.475	120.4713	182	3	24.1006833333	121.729666667	6.31	6.26	446.4618	152.0	145.74	4.72	11.12	8.62	69.0	18217400.CVA	CVA	2.01802061551e+13	242.0
CHY087	23.3817	120.5298	221	2	24.1006833333	121.729666667	6.31	6.26	508.001	44.0	145.92	2.88	6.42	6.72	120.0	C2103700.SMT	SMTA	2.01802061551e+13	237.0
CHY047	23.4933	120.4553	328	3	24.1006833333	121.729666667	6.31	6.26	183.5174	284.0	146.22	3.36	11.06	12.44	229.0	32803700.MNS	NANO	2.0180206155e+13	243.0
CHY119	23.4717	120.4673	381	3	24.1006833333	121.729666667	6.31	6.26	498.384920446	217.3	146.26	4.62	9.18	10.1	210.4	38103700.MNS	NANO	2.0180206155e+13	242.0
CHY014	23.2933	120.5927	370	3	24.1006833333	121.729666667	6.31	6.26	341.8024	38.0	146.34	2.98	7.48	8.82	60.0	D7003700.SMT	SMTA	2.01802061551e+13	232.0
CHY094	23.7917	120.3307	132	3	24.1006833333	121.729666667	6.31	6.26	223.1977	415.3	146.43	2.48	10.7	7.82	249.7	13203700.MNS	NANO	2.0180206155e+13	257.0
CHY144	23.6033	120.394	467	3	24.1006833333	121.729666667	6.31	6.26	0.0	0.0	146.73	3.98	12.7	11.24	300.0	O6703700.SMT	SMTA	2.0180206155e+13	248.0
MND017	23.4817	120.4547	051	3	24.1006833333	121.729666667	6.31	6.26	0.0	0.0	146.83	5.18	15.1	14.58	78.0	05117400.CVA	CVA	2.01802061551e+13	242.0
CHY102	23.2433	120.6223	361	2	24.1006833333	121.729666667	6.31	6.26	836.1204	9.0	147.52	2.4	3.58	3.04	180.0	D6103700.SMT	SMTA	2.0180206155e+13	230.0
CHY073	23.495	120.4325	338	3	24.1006833333	121.729666667	6.31	6.26	201.4775	410.7512	148.16	3.8	12.16	12.24	120.0	D3803700.SMT	SMTA	2.01802061551e+13	243.0
CHY048	23.47	120.4453	318	3	24.1006833333	121.729666667	6.31	6.26	248.6531	195.0	148.32	3.28	11.56	11.36	241.0	31803700.MNS	NANO	2.0180206155e+13	242.0
TRB024	23.4783	120.4405	043	3	24.1006833333	121.729666667	6.31	6.26	0.0	0.0	148.34	3.76	13.9	12.84	75.0	04303700.CVA	CVA	2.01802061551e+13	242.0
TCU086	23.8617	120.2892	194	3	24.1006833333	121.729666667	6.31	6.26	222.8992	761.4	148.95	2.24	9.02	7.18	120.0	B9403700.SMT	SMTA	2.01802061551e+13	260.0
CHY082	23.7217	120.3083	200	3	24.1006833333	121.729666667	6.31	6.26	194.8052	527.2	150.63	3.58	12.24	9.38	259.0	20003700.MNS	NANO	2.0180206155e+13	254.0
TRB025	23.4567	120.4218	038	3	24.1006833333	121.729666667	6.31	6.26	0.0	0.0	151.12	3.24	14.78	12.26	81.0	03803700.CVA	CVA	2.01802062352e+13	242.0
CHY138	23.645	120.3173	354	3	24.1006833333	121.729666667	6.31	6.26	0.0	0.0	152.41	4.36	12.38	17.32	300.0	N5403700.SMT	SMTA	2.0180206155e+13	251.0
CHY106	23.435	120.4147	308	3	24.1006833333	121.729666667	6.31	6.26	227.6349	318.2	152.89	2.64	9.92	13.32	235.7	30803700.MNS	NANO	2.0180206155e+13	241.0
CHY105	23.5533	120.3453	341	3	24.1006833333	121.729666667	6.31	6.26	204.3597	186.0	153.44	3.52	9.2	7.78	232.6	34103700.MNS	NANO	2.0180206155e+13	247.0
CHY135	23.2867	120.5065	390	2	24.1006833333	121.729666667	6.31	6.26	576.914251208	78.0	153.86	5.24	7.62	7.6	60.0	D9003700.SMT	SMTA	2.01802061551e+13	234.0
CHY039	23.5183	120.3512	177	3	24.1006833333	121.729666667	6.31	6.26	195.1495	264.0	154.51	2.62	7.68	8.16	64.0	17717400.CVA	CVA	2.01802061551e+13	245.0
CHY027	23.75	120.2543	363	3	24.1006833333	121.729666667	6.31	6.26	209.4952	673.6	155.1	3.44	10.12	7.64	300.0	N6303700.SMT	SMTA	2.0180206155e+13	256.0
CHY081	23.265	120.5	366	2	24.1006833333	121.729666667	6.31	6.26	487.88	25.0	155.86	2.9	3.46	4.82	60.0	D6603700.SMT	SMTA	2.01802061551e+13	234.0
CHY088	23.3433	120.438	155	3	24.1006833333	121.729666667	6.31	6.26	329.543582139	46.0	156.06	4.3	11.52	10.86	222.8	15503700.MNS	NANO	2.0180206155e+13	238.0
CHY111	23.7883	120.2335	332	3	24.1006833333	121.729666667	6.31	6.26	269.6387	432.0	156.13	3.18	10.54	12.18	120.0	D3203700.SMT	SMTA	2.01802061551e+13	257.0
CHY032	23.5767	120.3018	173	3	24.1006833333	121.729666667	6.31	6.26	192.5669	761.0	156.58	5.36	8.18	10.12	241.1	17303700.MNS	NANO	2.0180206155e+13	248.0
MTN155	23.0733	120.673	208	2	24.1006833333	121.729666667	6.31	6.26	0.0	0.0	156.76	1.7	2.5	2.6	180.3	20803700.MNS	NANO	2.0180206155e+13	223.0
CHY117	23.8033	120.2232	234	3	24.1006833333	121.729666667	6.31	6.26	227.638134387	820.5	156.8	5.26	9.14	12.98	120.0	C3403700.SMT	SMTA	2.01802061551e+13	258.0
CHY001	23.7033	120.249	199	3	24.1006833333	121.729666667	6.31	6.26	229.88	525.0	157.01	3.14	9.76	8.5	250.3	19903700.MNS	NANO	2.0180206155e+13	254.0
TTN027	22.8067	121.0938	157	2	24.1006833333	121.729666667	6.31	6.26	318.218	141.0	157.27	1.76	4.48	3.52	240.0	L5703700.SMT	SMTA	2.0180206155e+13	204.0
CHY051	23.28	120.4673	307	2	24.1006833333	121.729666667	6.31	6.26	363.8789	209.0	157.59	2.62	5.34	7.46	200.8	30703700.MNS	NANO	2.0180206155e+13	235.0
CHY015	23.3517	120.4138	285	3	24.1006833333	121.729666667	6.31	6.26	224.7275	227.0	157.67	3.6	7.54	15.54	120.0	C8503700.SMT	SMTA	2.01802061551e+13	238.0
CHY095	23.455	120.3307	318	3	24.1006833333	121.729666667	6.31	6.26	216.3644	400.3	159.45	3.22	9.14	12.04	120.0	D1803700.SMT	SMTA	2.01802061551e+13	243.0
TTN005	22.7533	121.1483	161	2	24.1006833333	121.729666667	6.31	6.26	655.43	41.0	160.45	2.68	3.48	4.46	209.4	16103700.MNS	NANO	2.0180206155e+13	202.0
TTN015	22.7517	121.1548	545	2	24.1006833333	121.729666667	6.31	6.26	491.6637	58.0	160.48	2.14	4.04	4.78	180.0	F4503700.SMT	SMTA	2.01802061551e+13	201.0
CHY049	23.365	120.3667	379	3	24.1006833333	121.729666667	6.31	6.26	224.8207	242.0	161.05	4.22	8.84	7.56	300.0	N7903700.SMT	SMTA	2.0180206155e+13	240.0
TTN009	22.7467	121.1522	395	2	24.1006833333	121.729666667	6.31	6.26	266.870426417	67.0	161.09	2.16	5.02	4.96	218.9	39503700.MNS	NANO	2.0180206155e+13	201.0
CHY076	23.635	120.2298	180	3	24.1006833333	121.729666667	6.31	6.26	170.8915	749.1	161.17	3.84	10.7	8.8	120.0	B8003700.SMT	SMTA	2.01802061551e+13	251.0
KAU047	23.08	120.5908	244	2	24.1006833333	121.729666667	6.31	6.26	462.875739281	18.0	162.1	2.1	3.58	4.18	60.0	C4403700.SMT	SMTA	2.01802061551e+13	226.0
CHY112	23.7017	120.193	127	3	24.1006833333	121.729666667	6.31	6.26	239.7123	807.3	162.55	4.24	11.84	12.26	205.1	12703700.MNS	NANO	2.0180206155e+13	254.0
CHY120	23.4567	120.2938	353	3	24.1006833333	121.729666667	6.31	6.26	220.132124423	465.0	162.77	3.5	8.32	10.32	258.8	35303700.MNS	NANO	2.0180206155e+13	244.0
CHY008	23.4833	120.2775	297	2	24.1006833333	121.729666667	6.31	6.26	209.4972	744.7	162.99	2.66	7.4	7.22	120.0	C9703700.SMT	SMTA	2.01802061551e+13	245.0
TTN010	22.7367	121.1217	343	2	24.1006833333	121.729666667	6.31	6.26	296.303485968	118.0	163.32	1.4	2.66	3.24	194.5	34303700.MNS	NANO	2.0180206155e+13	202.0
CHY128	23.2933	120.3867	153	3	24.1006833333	121.729666667	6.31	6.26	253.851186091	157.0	163.48	3.2	9.04	6.62	69.0	15317400.CVA	CVA	2.01802061551e+13	237.0
CHY033	23.5383	120.2253	206	3	24.1006833333	121.729666667	6.31	6.26	193.3239	671.0	165.4	2.96	8.0	7.92	251.0	20603700.MNS	NANO	2.0180206155e+13	248.0
MTN154	22.995	120.633	415	2	24.1006833333	121.729666667	6.31	6.26	0.0	0.0	165.84	2.62	4.02	6.12	187.4	41503700.MNS	NANO	2.0180206155e+13	222.0
CHY053	23.285	120.3637	386	2	24.1006833333	121.729666667	6.31	6.26	272.6653	281.9	165.95	3.36	7.46	7.18	227.9	38603700.MNS	NANO	2.0180206155e+13	237.0
CHY123	23.4833	120.2395	522	2	24.1006833333	121.729666667	6.31	6.26	212.4491	633.3	166.52	1.78	6.9	5.54	120.0	F2203700.SMT	SMTA	2.01802061551e+13	246.0
CHY018	23.2217	120.4003	378	2	24.1006833333	121.729666667	6.31	6.26	594.6482	55.0	166.87	2.04	5.06	4.42	120.0	D7803700.SMT	SMTA	2.01802061551e+13	234.0
CHY004	23.5983	120.1795	163	3	24.1006833333	121.729666667	6.31	6.26	272.9754	681.0	167.36	3.58	7.14	11.62	238.1	16303700.MNS	NANO	2.0180206155e+13	251.0
CHY093	23.65	120.1552	160	3	24.1006833333	121.729666667	6.31	6.26	191.3937	601.1	167.89	2.9	12.1	14.1	204.4	16003700.MNS	NANO	2.0180206155e+13	253.0
TRB028	23.3067	120.3233	040	2	24.1006833333	121.729666667	6.31	6.26	0.0	0.0	168.18	2.98	7.1	7.08	57.0	04003700.CVA	CVA	2.01802061548e+13	239.0
CHY122	23.3217	120.3095	369	3	24.1006833333	121.729666667	6.31	6.26	224.976211949	386.6	168.49	2.62	7.82	8.06	244.1	36903700.MNS	NANO	2.0180206155e+13	239.0
CHY054	23.305	120.3175	155	2	24.1006833333	121.729666667	6.31	6.26	175.1108	465.4999	168.78	3.22	6.42	6.78	65.0	15517400.CVA	CVA	2.01802061551e+13	239.0
CHY013	23.355	120.2738	312	3	24.1006833333	121.729666667	6.31	6.26	216.2318	696.9	169.79	2.7	7.38	8.4	265.4	31203700.MNS	NANO	2.0180206155e+13	241.0
CHY107	23.2967	120.2992	346	2	24.1006833333	121.729666667	6.31	6.26	181.0514	193.0	170.84	3.2	6.34	6.46	235.1	34603700.MNS	NANO	2.0180206155e+13	239.0
CHY100	23.225	120.3503	319	2	24.1006833333	121.729666667	6.31	6.26	344.253967729	164.0	170.84	2.78	7.3	5.9	120.0	D1903700.SMT	SMTA	2.01802061551e+13	235.0
CHY113	23.42	120.2138	129	3	24.1006833333	121.729666667	6.31	6.26	240.6449	379.0	171.9	1.94	9.12	6.96	227.7	12903700.MNS	NANO	2.0180206155e+13	244.0
KAU068	22.975	120.5443	196	2	24.1006833333	121.729666667	6.31	6.26	813.2285	16.0	173.66	2.26	3.86	2.52	240.0	L9603700.SMT	SMTA	2.0180206155e+13	224.0
CHY022	23.0433	120.4697	334	2	24.1006833333	121.729666667	6.31	6.26	570.0171	54.0	173.87	2.08	3.96	3.32	60.0	D3403700.SMT	SMTA	2.01802061551e+13	228.0
CHY055	23.2683	120.2768	389	2	24.1006833333	121.729666667	6.31	6.26	221.4512	371.3945	174.48	2.2	6.86	7.58	231.5	38903700.MNS	NANO	2.0180206155e+13	238.0
CHY134	23.3467	120.2227	393	2	24.1006833333	121.729666667	6.31	6.26	215.921343383	506.0	174.84	2.94	6.22	6.54	180.0	D9303700.SMT	SMTA	2.01802061551e+13	241.0
CHY145	23.46	120.1533	464	3	24.1006833333	121.729666667	6.31	6.26	0.0	0.0	175.59	2.2	11.1	6.04	300.0	O6403700.SMT	SMTA	2.0180206155e+13	246.0
MND011	23.1467	120.3538	053	3	24.1006833333	121.729666667	6.31	6.26	0.0	0.0	175.67	4.44	10.6	6.26	65.0	05317400.CVA	CVA	2.01802061551e+13	233.0
CHY129	23.2917	120.244	120	2	24.1006833333	121.729666667	6.31	6.26	210.341852883	191.0	175.96	1.96	7.04	7.24	243.9	12003700.MNS	NANO	2.0180206155e+13	239.0
CHY058	23.17	120.3272	365	2	24.1006833333	121.729666667	6.31	6.26	271.1252	220.1	176.26	2.48	6.32	6.42	300.0	N6503700.SMT	SMTA	2.0180206155e+13	234.0
CHY131	23.1183	120.3613	375	2	24.1006833333	121.729666667	6.31	6.26	457.688575817	263.0	176.92	3.08	7.94	6.8	300.0	N7503700.SMT	SMTA	2.0180206155e+13	232.0
CHY017	23.2133	120.277	374	2	24.1006833333	121.729666667	6.31	6.26	196.0186	540.0	177.79	2.42	6.52	5.22	219.7	37403700.MNS	NANO	2.0180206155e+13	236.0
CHY142	23.055	120.4035	359	2	24.1006833333	121.729666667	6.31	6.26	0.0	0.0	178.08	2.0	4.22	5.18	240.0	N5903700.SMT	SMTA	2.0180206155e+13	229.0
CHY089	23.075	120.364	217	2	24.1006833333	121.729666667	6.31	6.26	396.1965	191.0	179.78	3.12	5.94	4.22	120.0	C1703700.SMT	SMTA	2.01802061551e+13	231.0
KAU020	22.8983	120.5433	533	3	24.1006833333	121.729666667	6.31	6.26	344.2143	45.0	179.9	3.84	11.52	8.94	120.0	F3303700.SMT	SMTA	2.01802061551e+13	222.0
TRB029	23.1367	120.307	044	3	24.1006833333	121.729666667	6.31	6.26	0.0	0.0	180.17	4.22	8.98	6.86	67.0	04403700.CVA	CVA	2.01802061551e+13	234.0
CHY012	23.33	120.1598	280	2	24.1006833333	121.729666667	6.31	6.26	192.2214	991.7	181.37	1.82	4.76	5.4	120.0	C8003700.SMT	SMTA	2.01802061551e+13	242.0
CHY099	23.135	120.2882	372	2	24.1006833333	121.729666667	6.31	6.26	217.1177	185.0	181.78	4.6	6.56	7.34	120.0	D7203700.SMT	SMTA	2.01802061551e+13	234.0
KAU028	22.825	120.5992	172	2	24.1006833333	121.729666667	6.31	6.26	547.7951	13.0	182.39	2.1	3.46	3.28	191.1	17203700.MNS	NANO	2.0180206155e+13	219.0
KAU105	22.9383	120.4603	369	3	24.1006833333	121.729666667	6.31	6.26	0.0	0.0	182.6	4.28	9.8	6.0	300.0	N6903700.SMT	SMTA	2.0180206155e+13	225.0
CHY063	23.025	120.3495	162	2	24.1006833333	121.729666667	6.31	6.26	287.6594	179.0	184.44	2.84	7.28	5.48	58.0	16217400.CVA	CVA	2.01802061551e+13	230.0
CHY021	23.0783	120.2957	310	3	24.1006833333	121.729666667	6.31	6.26	212.3443	331.3	184.99	3.88	8.54	8.3	120.0	D1003700.SMT	SMTA	2.01802061551e+13	232.0
KAU018	22.8883	120.481	161	2	24.1006833333	121.729666667	6.31	6.26	480.748279542	27.0	185.17	1.58	3.54	2.52	240.0	L6103700.SMT	SMTA	2.0180206155e+13	224.0
CHY060	23.1233	120.2458	324	2	24.1006833333	121.729666667	6.31	6.26	223.9238	366.6814	186.11	3.9	6.86	5.46	237.1	32403700.MNS	NANO	2.0180206155e+13	234.0
CHY077	23.1733	120.2017	189	3	24.1006833333	121.729666667	6.31	6.26	124.8959	782.4	186.67	1.2	5.86	9.0	120.0	B8903700.SMT	SMTA	2.01802061551e+13	237.0
CHY016	23.2183	120.1622	326	2	24.1006833333	121.729666667	6.31	6.26	199.4681	556.0	187.34	1.54	5.24	5.24	224.4	32603700.MNS	NANO	2.0180206155e+13	239.0
CHY143	22.9633	120.3587	358	2	24.1006833333	121.729666667	6.31	6.26	0.0	0.0	188.26	3.3	7.66	5.76	300.0	N5803700.SMT	SMTA	2.0180206155e+13	228.0
CHY141	23.1217	120.1988	380	2	24.1006833333	121.729666667	6.31	6.26	0.0	0.0	190.1	2.26	4.88	6.28	300.0	N8003700.SMT	SMTA	2.0180206155e+13	235.0
CHY078	23.0367	120.2365	323	2	24.1006833333	121.729666667	6.31	6.26	162.2506	290.2	192.56	1.88	5.02	3.82	120.0	D2303700.SMT	SMTA	2.01802061551e+13	232.0
KAU070	22.78	120.4958	346	2	24.1006833333	121.729666667	6.31	6.26	289.3923	78.0	193.01	3.1	6.3	7.0	300.0	N4603700.SMT	SMTA	2.0180206155e+13	221.0
CHY065	22.9033	120.3517	378	3	24.1006833333	121.729666667	6.31	6.26	222.6924	354.0	193.28	3.96	8.22	10.46	300.0	N7803700.SMT	SMTA	2.0180206155e+13	227.0
KAU012	22.8767	120.3792	521	2	24.1006833333	121.729666667	6.31	6.26	304.6613	46.0	193.35	3.58	7.04	6.26	120.0	F2103700.SMT	SMTA	2.01802061551e+13	226.0
CHY023	22.9633	120.289	401	2	24.1006833333	121.729666667	6.31	6.26	279.7855	271.1452	193.55	2.92	6.44	5.28	120.0	E0103700.SMT	SMTA	2.01802061551e+13	229.0
CHY059	23.1817	120.1113	339	2	24.1006833333	121.729666667	6.31	6.26	186.9741	985.0	193.87	1.22	5.72	4.9	120.0	D3903700.SMT	SMTA	2.01802061551e+13	238.0
KAU053	22.82	120.4307	190	2	24.1006833333	121.729666667	6.31	6.26	863.23	9.0	194.11	1.7	4.32	5.3	120.0	B9003700.SMT	SMTA	2.01802061551e+13	223.0
CHY064	23.0017	120.2417	313	2	24.1006833333	121.729666667	6.31	6.26	351.541656819	166.0	194.56	1.96	5.06	6.02	214.4	31303700.MNS	NANO	2.0180206155e+13	231.0
CHY020	23.1017	120.1583	352	2	24.1006833333	121.729666667	6.31	6.26	214.1404	745.0	194.79	2.26	5.18	4.08	181.2	35203700.MNS	NANO	2.0180206155e+13	235.0
CHY071	23.0617	120.1728	149	3	24.1006833333	121.729666667	6.31	6.26	200.5214	381.6	196.1	2.54	8.22	5.22	82.0	14917400.CVA	CVA	2.01802061552e+13	234.0
CHY096	22.98	120.2407	332	2	24.1006833333	121.729666667	6.31	6.26	423.014467864	279.0	196.16	1.96	4.48	3.24	202.1	33203700.MNS	NANO	2.01802061551e+13	231.0
KAU085	22.8833	120.329	225	2	24.1006833333	121.729666667	6.31	6.26	255.809	80.9	196.52	2.98	6.36	5.54	120.0	M2503700.SMT	SMTA	2.01802061551e+13	227.0
CHY097	23.0083	120.2115	295	2	24.1006833333	121.729666667	6.31	6.26	341.383259057	321.0	196.56	1.68	4.56	3.48	120.0	C9503700.SMT	SMTA	2.01802061551e+13	232.0
KAU048	22.7233	120.4987	671	2	24.1006833333	121.729666667	6.31	6.26	194.949382108	236.0	197.7	2.26	4.64	5.66	120.0	G7103700.SMT	SMTA	2.01802061551e+13	220.0
CHY070	22.9633	120.2363	154	2	24.1006833333	121.729666667	6.31	6.26	228.6673	207.0	197.73	2.06	6.88	5.6	45.0	15417400.CVA	CVA	2.01802061552e+13	230.0
CHY115	23.1467	120.0858	506	2	24.1006833333	121.729666667	6.31	6.26	206.31729505	447.0	198.21	1.16	4.8	4.3	120.0	F0603700.SMT	SMTA	2.01802061551e+13	238.0
CHY067	22.9967	120.1923	282	2	24.1006833333	121.729666667	6.31	6.26	229.0426	313.0	198.9	2.36	4.4	4.14	120.0	C8203700.SMT	SMTA	2.01802061551e+13	232.0
KAU026	22.6967	120.507	165	2	24.1006833333	121.729666667	6.31	6.26	275.1536	99.7	199.38	1.84	4.74	5.94	300.0	L6503700.SMT	SMTA	2.0180206155e+13	219.0
CHY116	23.0767	120.1168	377	2	24.1006833333	121.729666667	6.31	6.26	194.3365	636.8	199.88	2.98	5.9	6.64	196.5	37703700.MNS	NANO	2.0180206155e+13	235.0
KAU111	22.6767	120.526	364	2	24.1006833333	121.729666667	6.31	6.26	0.0	0.0	199.99	1.78	4.4	4.26	300.0	N6403700.SMT	SMTA	2.0180206155e+13	218.0
CHY069	22.9717	120.1897	357	2	24.1006833333	121.729666667	6.31	6.26	219.9817	403.0	200.78	2.16	4.3	4.6	240.0	N5703700.SMT	SMTA	2.01802061551e+13	232.0
CHY098	23.0	120.1662	337	2	24.1006833333	121.729666667	6.31	6.26	229.208125347	356.0	200.79	1.84	5.52	5.36	224.7	33703700.MNS	NANO	2.0180206155e+13	233.0
KAU013	22.7933	120.3653	186	2	24.1006833333	121.729666667	6.31	6.26	261.5975	61.0	200.88	2.32	5.24	7.0	300.0	L8603700.SMT	SMTA	2.0180206155e+13	224.0
KAU095	22.6917	120.4902	234	2	24.1006833333	121.729666667	6.31	6.26	260.494963184	46.0	200.89	1.56	4.5	4.22	240.0	M3403700.SMT	SMTA	2.0180206155e+13	219.0
CHY125	22.9917	120.1668	050	2	24.1006833333	121.729666667	6.31	6.26	271.644037421	345.0	201.31	2.4	5.6	5.8	50.0	05003700.CVA	CVA	2.01802061549e+13	232.0
CHY114	23.0367	120.127	321	2	24.1006833333	121.729666667	6.31	6.26	215.0846	300.0	201.61	1.46	5.7	5.2	240.1	32103700.MNS	NANO	2.0180206155e+13	234.0
KAU025	22.6817	120.4853	325	2	24.1006833333	121.729666667	6.31	6.26	272.469901478	68.0	202.17	1.6	5.36	4.06	240.0	N2503700.SMT	SMTA	2.0180206155e+13	219.0
KAU022	22.6683	120.4993	546	2	24.1006833333	121.729666667	6.31	6.26	253.309547969	75.0	202.43	1.48	5.22	4.14	120.0	F4603700.SMT	SMTA	2.01802061551e+13	218.0
CHY066	22.9183	120.2172	374	2	24.1006833333	121.729666667	6.31	6.26	211.492	207.0	202.45	2.96	7.18	5.0	120.0	D7403700.SMT	SMTA	2.01802061551e+13	230.0
KAU009	22.8667	120.2643	119	2	24.1006833333	121.729666667	6.31	6.26	270.5384	235.0	202.61	2.1	4.82	5.18	220.9	11903700.MNS	NANO	2.01802061551e+13	228.0
TRB007	22.6683	120.4858	028	2	24.1006833333	121.729666667	6.31	6.26	0.0	0.0	203.24	1.38	5.24	4.32	44.0	02803700.CVA	CVA	2.0180206155e+13	219.0
KAU024	22.6633	120.4803	331	2	24.1006833333	121.729666667	6.31	6.26	220.5963	63.0	204.07	1.38	5.34	4.34	240.0	N3103700.SMT	SMTA	2.0180206155e+13	219.0
KAU109	22.91	120.1987	368	2	24.1006833333	121.729666667	6.31	6.26	0.0	0.0	204.44	3.72	6.68	5.78	240.0	N6803700.SMT	SMTA	2.01802061551e+13	230.0
KAU086	22.7917	120.303	337	2	24.1006833333	121.729666667	6.31	6.26	213.474110077	257.0	205.5	2.22	5.52	5.44	240.0	N3703700.SMT	SMTA	2.01802061551e+13	225.0
KAU063	22.9033	120.1825	432	2	24.1006833333	121.729666667	6.31	6.26	211.6029	250.0	206.2	3.1	4.92	6.32	237.1	43203700.MNS	NANO	2.01802061551e+13	230.0
TRB031	22.78	120.3027	045	2	24.1006833333	121.729666667	6.31	6.26	0.0	0.0	206.44	3.1	7.56	6.48	60.0	04503700.CVA	CVA	2.01802061551e+13	225.0
KAU074	22.5717	120.572	320	2	24.1006833333	121.729666667	6.31	6.26	224.8876	67.0	206.48	1.94	3.04	4.34	300.0	N2003700.SMT	SMTA	2.0180206155e+13	215.0
KAU010	22.785	120.2865	333	2	24.1006833333	121.729666667	6.31	6.26	236.894566126	350.0	207.24	2.44	7.12	3.74	240.0	N3303700.SMT	SMTA	2.01802061551e+13	225.0
KAU112	22.5817	120.5445	373	2	24.1006833333	121.729666667	6.31	6.26	0.0	0.0	207.28	1.84	3.82	3.68	240.0	N7303700.SMT	SMTA	2.0180206155e+13	216.0
KAU066	22.73	120.3455	409	2	24.1006833333	121.729666667	6.31	6.26	228.615	173.0	207.46	2.24	4.08	3.94	208.4	40903700.MNS	NANO	2.01802061551e+13	223.0
KAU014	22.7	120.3488	531	2	24.1006833333	121.729666667	6.31	6.26	243.0921	102.0	209.59	1.6	4.72	2.76	120.0	F3103700.SMT	SMTA	2.01802061551e+13	222.0
KAU108	22.8133	120.2242	374	2	24.1006833333	121.729666667	6.31	6.26	0.0	0.0	209.64	2.24	7.92	6.18	300.0	N7403700.SMT	SMTA	2.0180206155e+13	227.0
KAU059	22.7267	120.3165	338	2	24.1006833333	121.729666667	6.31	6.26	229.5465	167.0	209.68	1.14	4.3	3.3	240.0	N3803700.SMT	SMTA	2.01802061551e+13	224.0
KAU064	22.7833	120.2482	430	2	24.1006833333	121.729666667	6.31	6.26	242.4634	301.0	210.21	1.88	4.58	4.56	219.5	43003700.MNS	NANO	2.01802061551e+13	226.0
KAU031	22.5817	120.4888	525	2	24.1006833333	121.729666667	6.31	6.26	219.547	254.0	210.66	1.42	3.74	3.98	120.0	F2503700.SMT	SMTA	2.01802061551e+13	217.0
KAU011	22.76	120.2643	293	2	24.1006833333	121.729666667	6.31	6.26	145.3488	305.0	210.85	2.32	5.8	4.74	300.0	M9303700.SMT	SMTA	2.0180206155e+13	225.0
KAU008	22.6283	120.376	408	2	24.1006833333	121.729666667	6.31	6.26	287.4527	352.0	213.86	2.12	4.08	3.84	211.8	40803700.MNS	NANO	2.01802061551e+13	220.0
KAU015	22.6533	120.3413	537	2	24.1006833333	121.729666667	6.31	6.26	227.1437	380.0	214.0	1.94	4.98	3.62	120.0	F3703700.SMT	SMTA	2.01802061551e+13	222.0
KAU083	22.56	120.458	295	2	24.1006833333	121.729666667	6.31	6.26	229.767182197	91.0	214.44	2.18	4.28	3.88	300.0	M9503700.SMT	SMTA	2.0180206155e+13	217.0
KAU090	22.5883	120.4158	322	2	24.1006833333	121.729666667	6.31	6.26	226.4664	267.0	214.6	1.54	6.48	5.32	240.0	N2203700.SMT	SMTA	2.0180206155e+13	219.0
KAU004	22.63	120.3515	401	2	24.1006833333	121.729666667	6.31	6.26	221.8853	200.0	215.27	1.82	3.82	4.78	219.4	40103700.MNS	NANO	2.01802061551e+13	221.0
KAU032	22.5433	120.4605	528	2	24.1006833333	121.729666667	6.31	6.26	190.7002	151.0	215.82	1.72	4.16	4.6	120.0	F2803700.SMT	SMTA	2.01802061551e+13	217.0
KAU005	22.6167	120.3492	456	2	24.1006833333	121.729666667	6.31	6.26	253.464	164.0	216.63	1.82	3.92	3.72	240.0	O5603700.SMT	SMTA	2.01802061551e+13	221.0
KAU075	22.4867	120.5062	323	2	24.1006833333	121.729666667	6.31	6.26	196.8181	598.0	218.06	1.36	4.36	3.96	240.0	N2303700.SMT	SMTA	2.0180206155e+13	215.0
KAU106	22.6217	120.313	350	2	24.1006833333	121.729666667	6.31	6.26	0.0	0.0	218.54	1.84	3.28	3.9	240.0	N5003700.SMT	SMTA	2.01802061551e+13	222.0
KAU116	22.58	120.3497	437	2	24.1006833333	121.729666667	6.31	6.26	0.0	0.0	219.59	1.74	3.72	3.4	240.0	O3703700.SMT	SMTA	2.01802061551e+13	220.0
KAU062	22.6217	120.2925	413	2	24.1006833333	121.729666667	6.31	6.26	195.5799	273.2	220.01	1.68	3.64	4.0	222.0	41303700.MNS	NANO	2.01802061551e+13	222.0
KAU102	22.6417	120.2618	191	2	24.1006833333	121.729666667	6.31	6.26	0.0	0.0	220.5	1.1	2.6	2.86	179.8	19103700.MNS	NANO	2.01802061551e+13	223.0
KAU107	22.6233	120.2822	361	2	24.1006833333	121.729666667	6.31	6.26	0.0	0.0	220.56	2.1	4.54	3.46	240.0	N6103700.SMT	SMTA	2.0180206155e+13	222.0
KAU044	22.4367	120.5115	543	2	24.1006833333	121.729666667	6.31	6.26	215.9283	355.0	222.46	1.26	4.76	3.24	120.0	F4303700.SMT	SMTA	2.01802061551e+13	214.0
KAU045	22.565	120.3157	402	2	24.1006833333	121.729666667	6.31	6.26	145.219395018	353.0	223.12	2.2	4.96	4.84	120.0	E0203700.SMT	SMTA	2.01802061551e+13	220.0
KAU017	22.5067	120.3933	167	2	24.1006833333	121.729666667	6.31	6.26	252.5784	209.0	223.22	1.4	3.02	2.94	194.2	16703700.MNS	NANO	2.01802061551e+13	218.0
KAU092	22.5533	120.315	153	2	24.1006833333	121.729666667	6.31	6.26	226.166970361	159.0	224.2	2.28	4.34	4.7	239.0	15303700.MNS	NANO	2.01802061551e+13	220.0
KAU089	22.4783	120.4112	461	2	24.1006833333	121.729666667	6.31	6.26	191.4547	177.0	224.61	1.36	3.9	3.92	240.0	O6103700.SMT	SMTA	2.01802061551e+13	217.0
KAU115	22.33	120.6215	121	2	24.1006833333	121.729666667	6.31	6.26	0.0	0.0	226.53	1.0	1.8	2.52	179.9	12103700.MNS	NANO	2.01802061551e+13	210.0
HWA019	23.975	121.6135	201	7	24.1006833333	121.729666667	6.31	6.26	503.524672709	216.1	18.26	236.1	337.28	416.24	402.7	20103704.MNS	NANO	2.01802061549e+13	220.0
HWA019	23.975	121.6135	192	7	24.1006833333	121.729666667	6.31	6.26	503.524672709	216.1	18.26	213.48	370.32	403.18	326.0	19203704.CVA	CVA	2.0180206155e+13	220.0
ILA050	24.425	121.749	508	7	24.1006833333	121.729666667	6.31	6.26	626.57	36.0	36.07	86.2	432.3	245.46	180.0	F0803708.SMT	SMTA	2.0180206155e+13	3.0
TAP085	24.9383	121.7122	534	2	24.1006833333	121.729666667	6.31	6.26	895.1216	9.5	92.8	2.02	5.92	3.38	120.0	F3403700.SMT	SMTA	2.0180206155e+13	359.0
TAP117	25.0133	121.5395	333	3	24.1006833333	121.729666667	6.31	6.26	408.230465756	146.0	103.0	4.96	12.12	9.34	120.0	D3303700.SMT	SMTA	2.0180206155e+13	349.0
TAP117	25.0133	121.5395	985	3	24.1006833333	121.729666667	6.31	6.26	408.230465756	146.0	103.0	4.62	7.54	8.72	95.0	98103700.EVT	ETNA	2.0180206155e+13	349.0
TAP025	25.0217	121.498	278	3	24.1006833333	121.729666667	6.31	6.26	250.1775	314.0	104.8	4.44	8.54	13.36	180.0	C7803700.SMT	SMTA	2.0180206155e+13	347.0
TAP001	25.0367	121.5138	667	3	24.1006833333	121.729666667	6.31	6.26	177.424860798	555.0	106.06	4.64	8.76	6.16	180.0	G6703700.SMT	SMTA	2.0180206155e+13	348.0
TCU076	23.905	120.6835	398	2	24.1006833333	121.729666667	6.31	6.26	573.2302	26.0	108.58	2.62	6.6	5.9	120.0	D9803700.SMT	SMTA	2.0180206155e+13	259.0
TAP007	25.0733	121.5168	279	3	24.1006833333	121.729666667	6.31	6.26	204.3179	231.0	109.89	4.26	9.36	10.04	180.0	C7903700.SMT	SMTA	2.0180206155e+13	349.0
TAP003	25.085	121.4572	003	3	24.1006833333	121.729666667	6.31	6.26	209.3656	626.0	112.57	6.14	8.22	9.5	96.0	A0303700.EVT	ETNA	2.0180206155e+13	346.0
TCU168	25.0067	121.0475	326	2	24.1006833333	121.729666667	6.31	6.26	476.230363623	87.9792	121.86	2.18	5.66	6.42	120.0	D2603700.SMT	SMTA	2.01802061551e+13	325.0
