201802061550 41.6224 6.0412143.78  6.316.2699  8.11820.28 0.2 0.2 F646B 14061550.P18634   
 HWA047 5    8.09  213.30 239.86 216.54 126.0 14003708.CVA CVA  20180206155007.  290.     
 HWA025 5   10.38  143.06 182.00 135.40 263.0 17603727.MNS NANO 20180206154944.  311.     
 HWA026 6   10.87  180.26 158.06 274.60 262.3 39003719.MNS NANO 20180206154945.  280.     
 HWA046 6   11.47  267.32 214.32 315.84 262.2 38003722.MNS NANO 20180206154945.  297.     
 HWA057 7   12.60  172.76 593.98 243.40 180.0 D2003710.SMT SMTA 20180206155000.  301.     
 HWA023 5   12.91  180.58 185.78 190.52 180.0 E8803703.SMT SMTA 20180206155000.  260.     
 MND006 7   14.31  349.62 415.00 263.58  90.0 T497006.037  A900 20180206155022.  229.     
 HWA027 6   14.32  237.00 298.26 372.36 275.1 39603708.MNS NANO 20180206154946.  249.     
 HWA028 7   15.52  414.84 253.48 275.02 325.3 33503703.MNS NANO 20180206154946.  232.     
 HWA012 6   15.65  338.44 280.66 279.52 158.0 13703702.CVA CVA  20180206155030.  220.     
 HWA009 6   16.39  317.64 262.04 250.10 323.0 13203702.CVA CVA  20180206155025.  222.     
 MND025 6   16.44  316.56 381.74 283.76  90.0 T575006.037  A900 20180206154957.  241.     
 HWA007 6   16.45  260.02 244.64 289.50 157.0 12503702.CVA CVA  20180206155017.  220.     
 TRB042 5   16.95  219.22 187.00 204.34 164.0 02503702.CVA CVA  20180206155042.  229.     
 HWA062 5   17.45  213.78 202.64 209.20 180.0 G7503703.SMT SMTA 20180206155000.  220.     
 MND016 6   17.91  266.20 270.60 300.18 157.0 06003701.CVA CVA  20180206155055.  220.     
 HWA008 6   17.99  330.88 336.82 230.46 172.0 12203702.CVA CVA  20180206155036.  226.     
 HWA011 6   18.00  327.18 199.26 248.00 159.0 13103702.CVA CVA  20180206155010.  230.     
 HWA048 6   18.22  271.40 303.32 204.60 160.0 12103700.CVA CVA  20180206154956.  236.     
 HWA019 7   18.26  226.00 421.26 386.76 180.0 E9903702.SMT SMTA 20180206155000.  220.     
 HWA063 6   18.28  253.34 253.88 215.58 299.1 36203703.MNS NANO 20180206154947.  230.     
 HWA010 6   18.72  282.88 196.58 314.08 157.0 13503702.CVA CVA  20180206154917.  224.     
 HWA050 6   18.86  337.00 198.20 279.04 157.0 11803702.CVA CVA  20180206155007.  228.     
 HWA014 6   19.10  397.16 218.78 316.88 173.0 13603702.CVA CVA  20180206155022.  221.     
 HWA013 6   19.24  323.70 220.92 315.88 158.0 13303701.CVA CVA  20180206154919.  224.     
 HWA049 6   20.59  262.84 240.68 316.88 155.0 12603700.CVA CVA  20180206154936.  235.     
 TRB043 4   21.84   39.84  58.84  46.96  77.0 02203702.CVA CVA  20180206155017.    6.     
 HWA015 5   22.11  232.52 185.16 175.20 180.0 D3703701.SMT SMTA 20180206155000.  230.     
 HWA016 6   22.38  258.70 161.24 198.60  90.0 12703700.CVA CVA  20180206155023.  227.     
 HWA045 5   23.16   74.76  97.74 106.20 120.0 D0903709.SMT SMTA 20180206155000.    5.     
 HWA017 6   25.11  226.72 213.02 295.48 136.0 13403700.CVA CVA  20180206145036.  228.     
 HWA060 7   25.43  280.80 462.74 478.34 180.0 F3803702.SMT SMTA 20180206155000.  211.     
 HWA058 6   28.34  158.80 302.04 260.74 180.0 F3203701.SMT SMTA 20180206155000.  238.     
 HWA018 5   29.56   96.46  93.44  98.20  90.0 11103700.CVA CVA  20180206145046.  223.     
 MTN160 4   30.59   28.40  40.90  33.76 211.1 43103702.MNS NANO 20180206154949.  293.     
 HWA051 7   31.23  189.32 470.12 333.42 104.0 11703702.CVA CVA  20180206155033.  214.     
 MTN163 5   32.78   65.08  93.40  49.84  90.0 T046001.037  A900 20180206155018.  251.     
 MTN164 4   33.52   14.68  30.84  15.54  90.0 T158001.037  A900 20180206155032.  252.     
 ILA050 7   36.07   69.44 454.22 262.90  95.0 63403709.EVT K2   20180206155151.    3.     
 MTN168 5   36.54   45.98  76.40 109.12  90.0 T117003.037  A900 20180206155018.  286.     
 HWA001 5   38.46   93.86 183.94 228.78 237.3 30503702.MNS NANO 20180206154951.  206.     
 ILA066 4   38.48   21.86  64.74  58.84 120.0 D4003704.SMT SMTA 20180206155000.    7.     
 HWA052 4   40.62   36.06  53.84  35.00  71.0 12903700.CVA CVA  20180206155008.  220.     
 TRB044 4   40.83   28.52  32.92  23.00  82.0 01803702.CVA CVA  20180206154910.   10.     
 ILA062 4   41.14   18.28  28.40  30.74 300.0 M3003702.SMT SMTA 20180206154900.   10.     
 ILA065 4   41.27   33.82  52.82  57.80 120.0 E9103702.SMT SMTA 20180206155000.    7.     
 ILA064 4   41.70   19.14  30.40  32.36 120.0 D5703701.SMT SMTA 20180206155000.    8.     
 MTN145 4   43.34   36.92  52.24  46.14 230.1 42303702.MNS NANO 20180206154951.  282.     
 HWA020 5   43.37   30.40  64.78  89.12 120.0 E9403700.SMT SMTA 20180206155000.  223.     
 HWA030 4   44.79   24.48  36.62  36.26 224.8 35603700.MNS NANO 20180206154953.  218.     
 HWA067 4   46.64   32.60  49.40  52.28 240.0 37903701.MNS NANO 20180206154954.  215.     
 HWA043 5   47.30   43.56  93.70 117.72 120.0 F1603700.SMT SMTA 20180206155000.  203.     
 MTN140 4   47.74   18.12  31.34  25.44  90.0 T260002.037  A900 20180206155031.  336.     
 ILA061 4   47.77   10.60  25.62  30.32 120.0 C9803701.SMT SMTA 20180206155000.   13.     
 HWA035 4   50.24   19.88  29.94  33.56 228.2 39403700.MNS NANO 20180206154953.  215.     
 ILA067 4   51.41   13.46  73.96  32.64 300.0 O1103701.SMT SMTA 20180206154900.  317.     
 MTN172 3   51.94   16.06  18.40  16.36 229.5 39903701.MNS NANO 20180206154953.  288.     
 MTN181 3   52.37   10.04  14.80  16.18 221.4 18803701.MNS NANO 20180206154953.  337.     
 HWA033 4   52.51   40.22  55.56  78.14 180.0 D3103700.SMT SMTA 20180206155000.  209.     
 MTN129 3   52.76    9.54  11.62  15.72  90.0 T109002.037  A900 20180206155033.  324.     
 MTN174 4   52.82   15.26  25.36  24.94 210.7 14703701.MNS NANO 20180206154954.  305.     
 HWA044 4   53.48   29.84  60.60  54.42 223.9 32703700.MNS NANO 20180206154957.  202.     
 HWA032 4   53.70   19.26  37.40  33.92 221.7 36503700.MNS NANO 20180206154954.  216.     
 MTN131 4   54.93   16.74  34.66  30.44  86.0 T061001.037  A900 20180206155034.    9.     
 MTN169 4   55.19   14.00  34.12  33.16  90.0 T153002.037  A900 20180206155035.  275.     
 ILA007 4   55.91   17.56  41.46  49.64  89.0 06403701.CVA CVA  20180206155055.   13.     
 ILA031 4   56.13   16.44  31.30  30.64  71.0 08503700.CVA CVA  20180206155104.   12.     
 ILA068 4   56.50   13.40  25.72  37.44 180.0 D2903701.SMT SMTA 20180206155000.   13.     
 MTN162 3   56.53   12.52  22.26  17.72 227.5 16803700.MNS NANO 20180206154957.  268.     
 TRB041 4   56.68   22.60  62.84  32.90  81.0 02003701.CVA CVA  20180206155021.   11.     
 HWA006 3   56.85   13.86  20.08  23.10  83.0 13003700.CVA CVA  20180206155007.  213.     
 MND014 3   57.44    8.34  14.08   9.74  58.0 05917400.CVA CVA  20180206155028.   15.     
 TRB038 4   57.48   21.52  31.84   0.00  87.0 03403700.CVA CVA  20180206154215.  213.     
 ILA052 3   57.75    6.92  17.50  10.76 120.0 E9803701.SMT SMTA 20180206155000.   13.     
 HWA005 4   57.78   17.04  41.20  38.64 249.0 37003700.MNS NANO 20180206154956.  212.     
 ILA071 4   58.08   12.90  31.90  27.90  79.0 09103701.CVA CVA  20180206155028.    6.     
 MTN166 4   58.25   10.90  32.96  36.82 207.4 42603701.MNS NANO 20180206154957.  272.     
 ILA043 4   58.28   39.94  36.74  46.62  77.0 08403700.CVA CVA  20180206155047.    1.     
 ILA032 3   58.72   12.04  24.70  17.72 225.5 42003701.MNS NANO 20180206154955.   10.     
 HWA002 4   59.60   17.60  37.64  38.46  73.0 12003700.CVA CVA  20180206155032.  201.     
 TCU088 4   60.00   12.02  31.84  17.06 120.0 F1403701.SMT SMTA 20180206155000.  286.     
 ILA019 4   60.02   12.38  30.84  14.44 300.0 O2903700.SMT SMTA 20180206154900.  357.     
 ILA063 3   60.40    7.88  22.64  19.62 300.0 O1503701.SMT SMTA 20180206154900.  340.     
 ILA047 4   60.52   10.88  34.80   0.00  95.0 10503701.CVA CVA  20180206155056.    6.     
 ILA006 4   60.61   12.80  26.14  27.28  95.0 06203701.CVA CVA  20180206155100.   10.     
 ILA044 4   61.32   14.66  25.34  30.14  98.0 09203701.CVA CVA  20180206155051.    3.     
 ILA025 4   61.57   15.26  41.82  47.76 300.0 O1703701.SMT SMTA 20180206154900.  345.     
 ILA046 4   62.52   10.52  26.00  14.54 300.0 M9203700.SMT SMTA 20180206154900.    1.     
 ILA022 3   63.22   10.64  16.28   9.44 219.7 18203700.MNS NANO 20180206154955.  353.     
 ILA059 4   63.38    9.14  17.84  27.93 180.0 D4103701.SMT SMTA 20180206155000.    9.     
 ILA026 5   63.58   25.10  92.46  41.68 300.0 B6903701.SMT SMTA 20180206154900.    4.     
 ILA058 4   63.64   24.54  40.52  45.40 104.0 10903700.CVA CVA  20180206155036.    3.     
 ILA018 3   64.29    5.36  14.80   9.98 300.0 L8103700.SMT SMTA 20180206154900.  356.     
 ILA023 3   65.17   10.36  19.98  16.48 300.0 O2703701.SMT SMTA 20180206154900.  349.     
 ILA027 4   65.27   13.98  52.20  41.98 300.0 M9803701.SMT SMTA 20180206154900.    3.     
 ILA042 4   65.37    9.04  29.20  28.50 300.0 N0103700.SMT SMTA 20180206154900.    6.     
 ILA014 4   65.57    6.66  26.52  26.68  78.0 10803700.CVA CVA  20180206155033.    0.     
 ILA005 4   66.57   12.96  32.44  29.86  95.0 06103700.CVA CVA  20180206155037.    7.     
 HWA034 3   66.84   11.78  18.00  21.76 226.7 39103700.MNS NANO 20180206154958.  212.     
 ILA008 4   67.30   17.06  30.04  46.44  87.0 08103700.CVA CVA  20180206155045.    4.     
 ILA021 3   68.10    5.82  19.86  15.86  64.0 10403700.CVA CVA  20180206155059.  353.     
 MTN134 4   68.47   19.74  21.64  37.78 232.3 41403701.MNS NANO 20180206154955.  321.     
 ILA051 3   68.54    6.44   0.00  21.72 120.0 C3603700.SMT SMTA 20180206155000.  356.     
 ILA038 4   68.59   12.58  32.24  29.30 300.0 N3503700.SMT SMTA 20180206154900.    1.     
 ILA041 3   69.19    7.62  22.40  23.32 100.0 14517400.CVA CVA  20180206155101.    6.     
 ILA030 4   69.22   18.62  30.42  29.86 112.0 08303700.CVA CVA  20180206155009.    3.     
 ILA013 4   70.15    8.66  24.42  31.06  96.0 08703700.CVA CVA  20180206155053.    1.     
 ILA037 4   71.20   14.98  32.06  31.36 290.0 N0203701.SMT SMTA 20180206154900.  359.     
 ILA004 3   71.47    8.02  23.38  19.18 300.0 O2303700.SMT SMTA 20180206154900.    5.     
 ILA016 3   71.81    8.22  19.14  20.12 226.9 30903700.MNS NANO 20180206154957.  357.     
 HWA066 3   71.92   11.52  13.08  16.62  68.0 12303700.CVA CVA  20180206154958.  198.     
 ILA028 4   72.35   15.90  28.12  27.60  95.0 08903700.CVA CVA  20180206155052.    2.     
 TRB039 3   72.44    8.88  21.24  19.98  92.0 01603700.CVA CVA  20180206155041.    2.     
 ILA070 4   72.49   16.52  36.22  35.72 300.0 M3903701.SMT SMTA 20180206154900.    2.     
 HWA003 3   72.87    9.80  24.42  13.92  63.0 16817400.CVA CVA  20180206155111.  198.     
 ILA020 3   72.97    7.48  14.76  16.48 217.0 43303701.MNS NANO 20180206154957.  352.     
 TCU085 3   73.38    7.02  10.70  10.00 300.0 N8303700.SMT SMTA 20180206154900.  330.     
 ILA056 3   73.42    6.70  18.04  13.96 180.0 D1303700.SMT SMTA 20180206155000.    7.     
 ILA029 3   74.33    6.48  14.94  16.18 250.6 23703700.MNS NANO 20180206154958.    2.     
 MTN147 4   74.39   10.18  30.12  33.16  88.0 T076001.037  A900 20180206155038.  279.     
 MTN135 3   74.42    4.34  10.22  17.60 213.1 41003701.MNS NANO 20180206154957.  349.     
 ILA040 4   74.72    9.40  26.24  22.44 180.0 D8703701.SMT SMTA 20180206155000.    5.     
 ILA015 3   75.20    7.26  13.94  10.08  59.0 08003700.CVA CVA  20180206155045.  358.     
 ILA012 3   75.24    5.60  11.98  13.68  74.0 07903700.CVA CVA  20180206155043.    1.     
 MTN167 3   75.34   13.96  17.92  20.42 227.1 11803700.MNS NANO 20180206154957.  258.     
 MTN137 3   75.68    4.66   7.70   9.64 205.7 41103700.MNS NANO 20180206154959.  325.     
 HWA036 3   75.96   10.60  19.34  20.92 218.2 20203700.MNS NANO 20180206155002.  208.     
 ILA036 3   76.13    6.28  13.04  11.70  73.0 08217400.CVA CVA  20180206155102.    2.     
 MTN136 3   77.00    8.38  15.34  13.24  90.0 T022001.037  A900 20180206155049.  306.     
 HWA021 3   77.65    5.96   8.40   9.88 120.0 E9503700.SMT SMTA 20180206155000.  212.     
 ILA034 3   78.15    5.06  10.04  14.04  86.0 10103700.CVA CVA  20180206155016.    6.     
 TCU073 3   79.15    2.76  11.06   8.40 120.0 B8803700.SMT SMTA 20180206155000.  263.     
 ILA035 3   80.03    5.68  10.96  12.28 240.0 M9703700.SMT SMTA 20180206155000.    3.     
 TRB040 3   80.39    6.52  12.54  13.88  73.0 01903700.CVA CVA  20180206154943.    3.     
 MTN138 2   80.39    4.22   5.48   7.44 201.6 41803700.MNS NANO 20180206155007.  331.     
 HWA038 3   80.84    5.96   9.28  10.76 218.6 35803700.MNS NANO 20180206155006.  208.     
 TCU169 4   82.39    6.26  22.64  26.30  71.0 T509002.037  A900 20180206155037.  294.     
 TCU148 3   82.52    9.34  20.02  12.02 120.0 B9603700.SMT SMTA 20180206155000.  259.     
 ILA002 3   82.57    3.56   8.90  12.38 225.7 35503700.MNS NANO 20180206155001.    5.     
 MTN133 3   82.77    4.96   7.14   9.50 214.6 11603700.MNS NANO 20180206154959.  315.     
 MTN180 2   83.34    7.26   5.98   7.22 205.1 43403700.MNS NANO 20180206155002.  292.     
 TCU080 3   83.57    5.76  10.70   9.50 240.0 O2203700.SMT SMTA 20180206155000.  255.     
 HWA054 3   83.77    9.98  10.44  11.76 228.1 33603700.MNS NANO 20180206155006.  208.     
 MTN105 3   84.30    7.94   6.68   9.72  87.0 T255001.037  A900 20180206155033.  346.     
 MTN179 3   84.56    4.24  16.42   9.70  75.0 T194001.037  A900 20180206155035.  290.     
 ILA033 3   85.02    5.50  10.10   8.12 240.0 N0003700.SMT SMTA 20180206155000.    7.     
 MTN148 2   85.12    3.18   4.74   5.24  64.0 T014001.037  A900 20180206155051.  275.     
 TAP124 2   86.38    4.38   7.30   4.02 240.0 N8203700.SMT SMTA 20180206155000.  348.     
 TTN031 3   86.67    8.08  18.84  21.26 240.0 N7203700.SMT SMTA 20180206155000.  198.     
 TCU025 2   86.95    3.14   4.44   6.34 240.0 O2103700.SMT SMTA 20180206155000.  320.     
 TCU084 3   87.04    6.18  21.74  19.82 120.0 C0303700.SMT SMTA 20180206155000.  254.     
 TCU142 2   87.81    3.22   7.44   4.06 240.0 O1403700.SMT SMTA 20180206155000.  261.     
 HWA039 4   87.99   11.50  28.56  21.72 241.9 36303700.MNS NANO 20180206155004.  205.     
 MTN122 2   88.54    3.18   4.64   4.76 203.3 40203700.MNS NANO 20180206155008.  340.     
 TCU072 3   88.90    4.46   6.80   9.08 240.0 O2803700.SMT SMTA 20180206155000.  266.     
 TCU079 3   89.14    8.58  18.54  11.86 240.0 O3003700.SMT SMTA 20180206155000.  251.     
 MTN176 3   89.77    5.92   8.42   9.44 206.4 41703700.MNS NANO 20180206155007.  297.     
 TCU089 2   90.12    2.58   4.86   3.42 120.0 B7903700.SMT SMTA 20180206155000.  256.     
 TAP036 2   90.57    3.48   3.30   4.36 240.0 N8103700.SMT SMTA 20180206155000.  349.     
 MTN177 3   90.73    3.84   8.74   6.08  79.0 T063001.037  A900 20180206155045.  292.     
 TCU023 3   91.01    5.12   8.72  11.42 240.0 N8403700.SMT SMTA 20180206155000.  319.     
 TTN001 3   91.39   12.50  18.02  14.94 240.0 N0303700.SMT SMTA 20180206155000.  198.     
 MTN111 2   91.56    2.80   4.28   5.54  61.0 T080001.037  A900 20180206155057.  339.     
 MTN178 3   92.09    9.04  14.64  13.04  90.0 T241001.037  A900 20180206155045.  288.     
 TAP085 2   92.80    2.86   6.72   4.04 194.5 42903700.MNS NANO 20180206155010.  359.     
 TAP035 3   92.89    3.98   8.64   9.24 215.4 10503700.MNS NANO 20180206155001.  348.     
 TCU069 3   92.99    3.84   8.44   6.68 120.0 D7703700.SMT SMTA 20180206155000.  281.     
 TCU161 2   93.63    0.00   4.99   5.13  49.0 T504001.037  A900 20180206155036.  328.     
 HWA024 2   93.64    3.80   4.66   4.58  60.0 F2303700.SMT SMTA 20180206155100.  208.     
 TCU127 2   93.71    3.54   5.00   5.88 120.0 G6803700.SMT SMTA 20180206155000.  309.     
 MTN123 3   94.09    4.64   8.06   8.78 217.8 39303700.MNS NANO 20180206155003.  349.     
 MND001 2   94.40    3.64   7.82   6.96  50.0 T499001.037  A900 20180206155050.  279.     
 TCU078 2   94.74    3.76   6.78   6.30 240.0 O2503700.SMT SMTA 20180206155000.  250.     
 TAP074 2   94.88    4.24   7.66   6.62 240.0 O1303700.SMT SMTA 20180206155000.  354.     
 TCU174 2   94.94    3.82   6.24   7.36 120.0 B7203700.SMT SMTA 20180206155000.  278.     
 MTN150 2   94.96    3.76   6.30   6.66  75.0 T043001.037  A900 20180206155056.  278.     
 HWA055 3   95.08   16.14  22.46  22.40  91.0 09503700.CVA CVA  20180206155042.  205.     
 HWA065 3   95.14    7.72  10.96  21.64 228.2 35703700.MNS NANO 20180206155008.  206.     
 TRB034 3   95.31    7.94  17.40  14.92  77.0 02403700.CVA CVA  20180206155046.  207.     
 TAP086 2   95.40    3.52   5.82   6.64 181.1 33903700.MNS NANO 20180206155006.  351.     
 TCU045 2   95.45    3.12   6.80   7.22 240.0 O2603700.SMT SMTA 20180206155000.  301.     
 TCU028 3   95.45    4.46  12.48  11.28 237.0 17103700.MNS NANO 20180206155006.  314.     
 TCU024 3   95.81    5.22  10.02  11.04 120.0 D5903700.SMT SMTA 20180206155000.  317.     
 TCU071 2   95.92    3.20   6.04   6.68 120.0 B8603700.SMT SMTA 20180206155000.  262.     
 MTN170 3   96.39    4.22   9.98  10.20 206.3 41603700.MNS NANO 20180206155012.  247.     
 TAP034 2   96.42    3.24   7.18   5.84 213.5 31403700.MNS NANO 20180206155006.  348.     
 TCU147 2   96.64    5.84   6.72   6.90 240.0 N4403700.SMT SMTA 20180206155000.  330.     
 MTN142 3   96.93    7.82  14.64  15.80 240.1 33803700.MNS NANO 20180206155004.  321.     
 TCU046 2   97.02    2.76   5.48   6.12 240.0 L6303700.SMT SMTA 20180206155000.  295.     
 TCU095 3   97.08    5.96  11.54   7.94 240.0 L5903700.SMT SMTA 20180206155000.  312.     
 TAP113 2   97.69    2.42   5.06   4.88 240.0 L5303700.SMT SMTA 20180206155000.  358.     
 MTN110 2   97.75    4.54   6.58   6.70  88.0 T084001.037  A900 20180206155040.  341.     
 TAP067 2   98.15    2.86   3.42   4.92  60.0 C9103700.SMT SMTA 20180206155100.  352.     
 MND020 2   98.30    5.22   6.48   7.02  59.0 05803700.CVA CVA  20180206235059.  331.     
 TAP072 2   98.84    2.88   7.02   4.58 199.0 22303700.MNS NANO 20180206155012.  356.     
 TCU068 2   99.09    3.12   5.82   5.96 120.0 G7603700.SMT SMTA 20180206155000.  281.     
 TAP033 3   99.17    3.66   8.30   8.62 218.8 31503700.MNS NANO 20180206155009.  349.     
 TCU026 3   99.23    5.28   8.70  10.48 222.7 31603700.MNS NANO 20180206155006.  319.     
 TAP039 2   99.36    3.82   5.02   6.60 215.8 13603700.MNS NANO 20180206155006.  338.     
 TCU013 2   99.37    5.16   7.84   3.48 214.0 16203700.MNS NANO 20180206155004.  328.     
 TAP119 2   99.61    4.76   5.66   5.60  49.0 T401001.037  A900 20180206155106.  349.     
 MTN116 3   99.81    4.54   8.44   9.64 212.2 40703700.MNS NANO 20180206155008.    1.     
 TCU177 3   99.82    4.48   9.52   8.76 240.0 N2903700.SMT SMTA 20180206155000.  308.     
 TTN032 2  100.11    6.18   7.06   7.70 240.0 M3303700.SMT SMTA 20180206155000.  199.     
 TCU087 2  100.14    3.98   6.50   6.36 120.0 J0803700.SMT SMTA 20180206155000.  286.     
 TCU094 2  100.41    4.60   6.20   5.52 226.1 18703700.MNS NANO 20180206155006.  317.     
 TAP071 3  100.45    3.78   8.12   6.10 216.3 22003700.MNS NANO 20180206155012.  353.     
 TAP073 2  100.53    4.68   6.04   6.38 240.0 N2603700.SMT SMTA 20180206155000.  358.     
 TCU077 3  100.57    3.60   7.82   9.54 120.0 C0603700.SMT SMTA 20180206155000.  252.     
 TCU030 2  101.18    5.00   7.60   6.46 216.6 12303700.MNS NANO 20180206155006.  302.     
 TAP030 3  101.24    3.56   9.56   6.84 222.9 15603700.MNS NANO 20180206155009.  349.     
 TCU143 3  101.33    7.32  12.50  17.04 240.0 O1003700.SMT SMTA 20180206155000.  256.     
 MTN126 3  101.46    5.22  10.40  12.56  90.0 T038001.037  A900 20180206155043.  355.     
 TCU043 3  101.54    3.60   9.36   8.76 219.3 21003700.MNS NANO 20180206155006.  310.     
 TCU067 3  101.82    4.18   7.54   9.24 240.0 M0503700.SMT SMTA 20180206155000.  269.     
 TAP047 2  102.04    3.20   5.48   5.60 207.2 10903700.MNS NANO 20180206155013.  338.     
 TAP115 3  102.07    7.28  15.34  19.58 230.5 19403701.MNS NANO 20180206155003.  345.     
 TAP027 3  102.19    4.70   7.30   8.74 212.2 34703700.MNS NANO 20180206155012.  347.     
 TAP029 3  102.30    3.44   8.06   7.42 216.8 19803700.MNS NANO 20180206155008.  349.     
 HWA041 3  102.30    8.38  14.62  17.50 245.0 32903700.MNS NANO 20180206155009.  205.     
 TCU012 3  102.33    3.74   8.28   9.22 240.0 G7003700.SMT SMTA 20180206155000.  335.     
 TAP044 3  102.35    4.68   7.42   8.28 227.5 31703700.MNS NANO 20180206155004.  341.     
 TAP032 3  102.67   10.40  17.08  15.92 237.3 12403700.MNS NANO 20180206155006.  346.     
 TAP075 2  102.68    3.30   5.72   6.12 240.0 O1203700.SMT SMTA 20180206155000.    0.     
 TCU170 2  102.81    2.98   5.02   4.92 240.0 L7903700.SMT SMTA 20180206155000.  273.     
 TCU102 2  102.99    3.26   4.62   5.68 240.0 L5603700.SMT SMTA 20180206155000.  279.     
 TAP117 3  103.00    4.96  12.22   9.38  94.0 63203700.EVT K2   20180206155046.  349.     
 TRB017 2  103.03    3.08   5.52   6.12  51.0 01003700.CVA CVA  20180206235034.  280.     
 TCU032 3  103.21    4.58   6.86  10.68 240.0 L7003700.SMT SMTA 20180206155000.  297.     
 TRB006 2  103.32    3.72   5.72   6.34  48.0 03703700.CVA CVA  20180206155023.  290.     
 MTN106 2  103.37    3.70   5.90   5.64  88.0 T017001.037  A900 20180206155051.    6.     
 TAP043 3  103.41    5.26  14.18  10.48 231.1 14803700.MNS NANO 20180206155003.  342.     
 TCU044 2  103.46    4.02   5.48   3.88 240.0 O1903700.SMT SMTA 20180206155000.  289.     
 TCU128 2  103.49    3.36   5.42   3.48 120.0 B8303700.SMT SMTA 20180206155000.  290.     
 TAP054 3  103.53    6.24  10.92   9.42 180.0 C1003700.SMT SMTA 20180206155000.  344.     
 TAP126 3  103.56    5.48   8.72   9.38 240.0 N2803700.SMT SMTA 20180206155000.  344.     
 TAP026 3  103.75    6.28  15.82  14.12 219.0 22703701.MNS NANO 20180206155005.  348.     
 TAP080 2  103.90    4.00   7.22   7.08 206.0 22903700.MNS NANO 20180206155011.   12.     
 TAP069 2  103.96    1.56   1.94   3.28 189.7 43603700.MNS NANO 20180206155014.   15.     
 TCU101 2  104.02    2.94   4.00   4.50 240.0 L8203700.SMT SMTA 20180206155000.  278.     
 TRB013 3  104.08    8.86  11.84  12.86  81.0 02103700.CVA CVA  20180206155049.  343.     
 TCU017 2  104.13    4.46   6.08   7.56 120.0 D2503700.SMT SMTA 20180206155000.  316.     
 TCU156 2  104.15    2.68   4.02   3.94 240.0 L9803700.SMT SMTA 20180206155000.  280.     
 TAP078 2  104.25    2.82   5.20   5.50 202.7 24903700.MNS NANO 20180206155014.    8.     
 TAP022 3  104.44   13.02  16.32  22.08  93.0 99703700.EVT ETNA 20180206155045.  351.     
 TCU154 2  104.59    3.38   6.66   6.16 240.0 L6603700.SMT SMTA 20180206155000.  301.     
 TCU039 3  104.59    4.24   6.96   8.42 226.0 23903700.MNS NANO 20180206155011.  294.     
 TCU058 2  104.64    4.20   3.40   3.42 240.0 M0003700.SMT SMTA 20180206155000.  279.     
 TAP088 3  104.80    6.30  11.76  15.20  79.0 F7403700.EVT ETNA 20180206155045.  352.     
 TAP025 3  104.80    4.36   9.00  13.82  61.0 99503700.EVT ETNA 20180206155000.  347.     
 TCU099 3  104.80    2.34   8.20   3.50 240.0 M0603700.SMT SMTA 20180206155000.  272.     
 TCU065 4  104.83    9.34  28.70  13.98 237.2 16503700.MNS NANO 20180206155008.  267.     
 TCU066 2  104.94    3.00   5.76   6.04  60.0 B6803700.SMT SMTA 20180206155100.  277.     
 TCU049 2  105.02    3.40   5.54   7.32  48.0 18917400.CVA CVA  20180206155120.  275.     
 TCU157 3  105.09    4.32  10.34   9.56 240.0 N0403700.SMT SMTA 20180206155000.  266.     
 TAP021 3  105.10    6.08  13.98  13.32  82.0 F8003700.EVT ETNA 20180206155022.  350.     
 TCU022 3  105.25    4.82  11.08   8.42 224.8 18303700.MNS NANO 20180206155007.  315.     
 TAP109 3  105.40    5.72   8.78  10.54 120.0 D6503700.SMT SMTA 20180206155000.  351.     
 TCU132 2  105.45    5.40   7.56   6.60 240.0 N5103700.SMT SMTA 20180206155000.  300.     
 TCU042 3  105.46    4.22   9.34   8.90 240.0 L7203700.SMT SMTA 20180206155000.  298.     
 TCU103 2  105.58    2.58   5.96   4.76 196.8 20703700.MNS NANO 20180206155020.  283.     
 TAP020 3  105.65    5.46   9.88  11.02 180.0 C8403700.SMT SMTA 20180206155000.  349.     
 MND015 2  105.68    3.42   6.94   6.78  55.0 05717400.CVA CVA  20180206155119.  352.     
 TRB004 3  105.76    3.56   7.90   9.04  58.0 00403700.CVA CVA  20180206154956.  299.     
 TCU150 3  105.94    5.96  10.14  11.46 218.3 42803700.MNS NANO 20180206155016.  257.     
 TCU034 3  105.98    4.42  17.40  12.62 240.0 N2403700.SMT SMTA 20180206155000.  304.     
 TRB018 2  106.03    3.50   7.70   7.62  49.0 00903700.CVA CVA  20180206155109.  272.     
 TAP001 3  106.06    4.82   9.02   6.36 227.2 42103700.MNS NANO 20180206155004.  348.     
 TRB012 2  106.19    0.00   7.18   6.66  79.0 03503700.CVA CVA  20180206154843.  353.     
 TCU062 3  106.29    3.68   8.84  10.68 240.0 M0303700.SMT SMTA 20180206155000.  271.     
 TAP015 3  106.30    6.92   9.74  12.22 222.1 11503700.MNS NANO 20180206155009.  352.     
 TAP019 3  106.34    4.48  14.16  10.34  71.0 F7803700.EVT ETNA 20180206155054.  347.     
 TCU082 2  106.38    2.56   6.12   6.00  60.0 C4503700.SMT SMTA 20180206155100.  273.     
 TAP090 3  106.57    6.08  12.66  12.24 180.0 B6203700.SMT SMTA 20180206155000.  353.     
 TCU172 2  106.60    2.52   6.72   5.34 240.0 M0203700.SMT SMTA 20180206155000.  273.     
 TCU075 2  106.80    3.47   0.00   6.55  49.0 18817400.CVA CVA  20180206155123.  263.     
 TCU184 3  106.82   11.88  21.24  21.22 240.0 O6603700.SMT SMTA 20180206155000.  249.     
 TAP038 3  106.84    7.38  12.92  17.16 245.0 14603700.MNS NANO 20180206155004.  343.     
 TCU125 3  106.96    4.16  10.98  11.30 235.5 21803700.MNS NANO 20180206155009.  261.     
 TRB016 2  107.04    3.30   6.24   6.02  54.0 00603700.CVA CVA  20180206154006.  300.     
 TRB001 3  107.08    3.44   8.02   7.46  64.0 03203700.CVA CVA  20180206234646.  348.     
 TCU006 2  107.17    3.88   6.08   5.72 213.0 12203700.MNS NANO 20180206155017.  327.     
 TAP091 3  107.21    7.84  10.44  13.60  78.0 F8403700.EVT ETNA 20180206155055.  352.     
 TAP077 2  107.24    2.86   5.64   5.34 240.0 M3503700.SMT SMTA 20180206155000.    7.     
 TCU053 2  107.27    3.20   4.78   4.78 206.3 24103700.MNS NANO 20180206155010.  275.     
 TCU055 2  107.30    3.02   5.44   6.58 206.6 24703700.MNS NANO 20180206155011.  272.     
 TAP125 3  107.39    4.68  11.16  11.76 227.0 17503700.MNS NANO 20180206155005.  356.     
 TAP014 3  107.39    6.94   9.16  10.24 180.0 D4303700.SMT SMTA 20180206155000.  350.     
 TAP037 3  107.46    4.68   9.80  10.88 235.6 34003700.MNS NANO 20180206155016.  344.     
 TCU124 3  107.59    7.44  11.86  15.50 240.0 L7503700.SMT SMTA 20180206155000.  259.     
 TRB014 3  107.63    3.44  10.12   7.76  55.0 03303700.CVA CVA  20180206155029.  334.     
 TCU015 3  107.63    5.62  11.38   9.42 229.4 16903700.MNS NANO 20180206155005.  312.     
 TAP103 3  107.66    4.30  14.44  15.26 120.0 C3503700.SMT SMTA 20180206155000.    3.     
 TAP013 3  107.72    5.62   8.24   9.84 180.0 C8703700.SMT SMTA 20180206155000.  349.     
 MND010 2  107.79    2.82   5.54   5.32  37.0 T498001.037  A900 20180206155018.  275.     
 TAP012 3  107.79    4.98  11.26  10.06  69.0 A0503700.EVT ETNA 20180206155055.  348.     
 TCU007 3  107.92    4.78  11.04   7.66 230.8 11303700.MNS NANO 20180206155005.  337.     
 TCU091 3  108.06    3.54  11.54   6.48 236.0 19203700.MNS NANO 20180206155009.  334.     
 TCU009 2  108.15    3.48   7.42   7.38 219.1 33303700.MNS NANO 20180206155017.  332.     
 TCU175 3  108.39    3.82  11.34  11.66 240.0 O5703700.SMT SMTA 20180206155000.  331.     
 TCU166 2  108.40    5.04   5.52   5.78  60.0 B8203700.SMT SMTA 20180206155100.  257.     
 TCU129 2  108.41    5.38   5.56   6.54 120.0 C4103700.SMT SMTA 20180206155000.  257.     
 TCU081 3  108.43    4.32   9.80  11.00 120.0 C3703700.SMT SMTA 20180206155000.  318.     
 TCU033 3  108.47    3.20   8.56   6.94 120.0 D4403700.SMT SMTA 20180206155000.  307.     
 TAP011 3  108.47    4.96   8.38   7.54  63.0 98903700.EVT ETNA 20180206155056.  347.     
 HWA042 3  108.48    4.20  10.30  12.70 214.4 14403700.MNS NANO 20180206155019.  206.     
 TAP057 3  108.53    4.70  12.84  14.44 228.9 33003700.MNS NANO 20180206155004.  358.     
 TCU076 2  108.58    2.72   6.76   6.12 200.9 22203700.MNS NANO 20180206155018.  259.     
 TCU164 3  108.60    3.86   8.16  10.94 240.0 M2803700.SMT SMTA 20180206155000.  318.     
 TRB015 2  108.70    3.10   7.54   6.70  49.0 01403700.CVA CVA  20180206155030.  317.     
 TCU163 2  108.79    3.14   7.50   6.48 120.0 B8503700.SMT SMTA 20180206155000.  336.     
 TCU133 2  108.86    3.04   7.56   5.10  49.0 13917400.CVA CVA  20180206155121.  272.     
 TCU159 3  108.89    5.42   8.20   6.64  60.0 D5203700.SMT SMTA 20180206155100.  259.     
 TCU096 3  108.92    4.92   9.00   6.92 180.0 15203700.MNS NANO 20180206155006.  315.     
 TAP017 3  108.93    5.14  10.34   9.24  74.0 A0803700.EVT ETNA 20180206155052.  345.     
 TCU051 2  108.95    2.22   6.06   6.78 201.3 17703700.MNS NANO 20180206155019.  273.     
 TCU173 3  109.10    3.42   6.38   8.66 240.0 L7303700.SMT SMTA 20180206155000.  271.     
 TCU167 4  109.15    9.32  42.78  41.70 240.0 O2403700.SMT SMTA 20180206155000.  244.     
 TRB003 2  109.26    3.60   6.28   5.42  61.0 01303600.CVA CVA  20180205235107.  315.     
 TAP009 3  109.44    5.58  10.46  15.76 180.0 B3603700.SMT SMTA 20180206155000.  352.     
 TAP008 3  109.58    5.04  14.08  11.04  65.0 23803700.EVT K2   20180206155058.  350.     
 TCU018 2  109.64    3.98   7.66   5.86 227.4 14503700.MNS NANO 20180206155007.  322.     
 TCU041 3  109.78    4.10  10.18   7.74 240.0 L9303700.SMT SMTA 20180206155000.  287.     
 TAP010 3  109.83    3.60   7.52   8.54 233.4 23403700.MNS NANO 20180206155004.  347.     
 TAP007 3  109.89    4.48  10.12  10.48  67.0 13817400.CVA CVA  20180206155117.  349.     
 TRB011 2  110.14    3.36   7.28   7.38  64.0 01703700.CVA CVA  20180206152249.  359.     
 TAP093 3  110.19    6.14  14.62  14.52  91.0 F8203700.EVT ETNA 20180206154917.  351.     
 TCU136 2  110.20    2.50   4.10   3.82  60.0 C1503700.SMT SMTA 20180206155100.  279.     
 TCU083 3  110.26    4.38   8.20   8.88 180.0 C4703700.SMT SMTA 20180206155000.  331.     
 TCU035 2  110.40    3.32   6.36   6.34 240.0 N4503700.SMT SMTA 20180206155000.  301.     
 TCU165 2  110.47    2.56   6.64   6.06 240.0 L7703700.SMT SMTA 20180206155000.  272.     
 TCU060 2  110.49    2.78   7.20   5.52  60.0 B7103700.SMT SMTA 20180206155100.  277.     
 TAP016 3  110.64    4.14   8.12   6.40 232.7 23503700.MNS NANO 20180206155011.  344.     
 TCU016 3  110.68    3.32   8.40   7.94 240.0 O5903700.SMT SMTA 20180206155000.  316.     
 TCU029 2  110.88    4.38   6.82   6.30 240.0 L6403700.SMT SMTA 20180206155000.  297.     
 TCU036 3  110.89    4.22   6.80   8.24 240.0 L8403700.SMT SMTA 20180206155000.  290.     
 TCU050 2  110.92    2.06   4.22   5.80 240.0 L5503700.SMT SMTA 20180206155000.  275.     
 TCU152 2  110.94    2.88   6.22   5.50  60.0 04903700.CVA CVA  20180206154941.  315.     
 TAP046 2  111.07    4.22   5.84   5.52 216.4 22403700.MNS NANO 20180206155004.    2.     
 TAP063 2  111.30    2.86   4.38   6.10 208.5 38203700.MNS NANO 20180206155015.    0.     
 TCU097 3  111.45    3.28   8.32   6.94 220.5 21203700.MNS NANO 20180206155014.  313.     
 TCU056 3  111.59    2.98   8.22   6.24 203.3 22103700.MNS NANO 20180206155013.  273.     
 TRB005 3  111.62    5.78  14.54  13.82  78.0 00303700.CVA CVA  20180206235004.  300.     
 MTN115 2  111.85    2.98   3.84   4.70  81.0 T027001.037  A900 20180206155050.    6.     
 TCU134 3  111.88    3.98   9.80   9.66 218.4 19603700.MNS NANO 20180206155013.  271.     
 TRB009 2  111.93    3.30   5.86   5.40  45.0 01203700.CVA CVA  20180206155049.    4.     
 TAP045 2  112.14    2.96   3.26   3.82 196.8 15003700.MNS NANO 20180206155016.    5.     
 TAP006 2  112.15    3.62   6.88   6.62 180.0 D0503700.SMT SMTA 20180206155000.  349.     
 TAP098 3  112.27    3.24   8.68  10.64 240.0 L9703700.SMT SMTA 20180206155000.  351.     
 TCU135 2  112.31    2.96   5.24   5.14  60.0 D1403700.SMT SMTA 20180206155100.  283.     
 TCU063 3  112.42    2.84   9.26   7.26  60.0 B8103700.SMT SMTA 20180206155100.  270.     
 TAP003 3  112.57    6.24   8.26   9.54 251.5 21703700.MNS NANO 20180206155009.  346.     
 MTN104 2  112.59    2.26   4.18   4.06  75.0 T013001.037  A900 20180206155103.  351.     
 TCU126 3  112.60    5.02  10.30  12.06 205.7 24603700.MNS NANO 20180206155017.  251.     
 TCU100 2  112.64    2.38   6.00   3.92 240.0 L5403700.SMT SMTA 20180206155000.  275.     
 TCU014 3  112.69    4.62  10.20   8.80 228.8 10703700.MNS NANO 20180206155008.  338.     
 MTN120 3  112.71    5.42  13.52  12.58  90.0 T173001.037  A900 20180206155039.  345.     
 TCU176 2  112.97    3.32   6.78   5.66 240.0 O5803700.SMT SMTA 20180206155000.  335.     
 TCU057 2  113.04    2.26   5.34   4.86 240.0 L5803700.SMT SMTA 20180206155000.  274.     
 TCU008 3  113.13    2.98   9.42   7.56 233.6 17903700.MNS NANO 20180206155006.  333.     
 TAP058 2  113.46    1.94   2.58   3.58 203.0 36703700.MNS NANO 20180206155016.    0.     
 TCU120 3  113.55    5.68   6.86   8.72 240.0 L7603700.SMT SMTA 20180206155000.  263.     
 TAP052 3  113.81    3.24  11.44  11.44 210.1 18603700.MNS NANO 20180206155019.  342.     
 HWA004 3  113.90    6.22  13.32  12.48  75.0 11503700.CVA CVA  20180206155109.  206.     
 TAP121 2  113.98    4.46   7.98   6.66 213.0 35103700.MNS NANO 20180206155009.    3.     
 TAP004 3  114.04    4.02   8.22   7.20 256.0 24203700.MNS NANO 20180206155014.  347.     
 TAP111 2  114.06    3.44   4.40   4.52 240.0 O3203700.SMT SMTA 20180206155000.    1.     
 TAP061 3  114.24    2.52  10.70   7.66 215.4 16603700.MNS NANO 20180206155008.    2.     
 TAP051 2  114.24    3.12   5.74   5.02 240.0 O3103700.SMT SMTA 20180206155000.  346.     
 TCU093 3  114.28    3.88   8.34   9.36 240.0 13503700.MNS NANO 20180206155007.  317.     
 MND013 3  114.35    3.54  10.48  13.30  60.0 05203700.CVA CVA  20180206155020.  235.     
 TCU037 2  114.68    3.48   4.38   5.32 224.9 13003700.MNS NANO 20180206155010.  292.     
 TAP070 2  114.73    1.80   3.32   3.04 179.6 36403700.MNS NANO 20180206155019.   10.     
 TCU104 2  114.95    2.46   4.10   5.36  60.0 C0803700.SMT SMTA 20180206155100.  278.     
 TAP096 2  115.01    4.16   5.52   6.96  65.0 99303700.EVT ETNA 20180206155058.  349.     
 TAP087 2  115.11    3.26   5.12   2.84  60.0 B9103700.SMT SMTA 20180206155100.  344.     
 TCU010 3  115.12    2.90   6.86   8.18 240.0 L8803700.SMT SMTA 20180206155000.  330.     
 TCU031 2  115.30    3.76   5.42   4.76 231.2 34903700.MNS NANO 20180206155008.  296.     
 TCU040 2  115.72    4.10   7.36   7.84 240.0 N1903700.SMT SMTA 20180206155000.  289.     
 TCU001 2  115.75    3.12   7.40   5.52 218.5 31003700.MNS NANO 20180206155019.  327.     
 TCU064 2  115.96    2.14   3.84   4.08 240.0 L4603700.SMT SMTA 20180206155000.  283.     
 TCU019 2  116.24    3.12   5.46   7.96 228.6 13403700.MNS NANO 20180206155013.  320.     
 TCU138 3  116.36    3.28   8.60   4.52 240.0 10003700.SMT SMTA 20180206155000.  260.     
 TAP002 3  116.63    5.60  13.52   9.92 226.8 23203700.MNS NANO 20180206155012.  347.     
 TAP042 2  116.66    3.38   7.00   7.24 222.8 37503700.MNS NANO 20180206155016.  347.     
 TAP104 2  116.68    2.48   5.26   5.54  61.0 98403700.EVT ETNA 20180206155115.    0.     
 TAP060 2  116.78    2.54   4.06   3.98 201.3 15403700.MNS NANO 20180206155017.    0.     
 TTN014 3  116.87    3.98  10.04   9.02  60.0 C4603700.SMT SMTA 20180206155100.  198.     
 TAP059 2  116.93    2.18   4.28   4.50 213.6 15103700.MNS NANO 20180206155011.  358.     
 TRB020 3  117.27    3.34   6.94   8.86  52.0 01103700.CVA CVA  20180206155108.  254.     
 TAP106 3  117.43    5.08  13.96  11.68  63.0 F8103700.EVT ETNA 20180206155058.  347.     
 TCU122 3  117.57    4.24   7.06   8.88  60.0 C9303700.SMT SMTA 20180206155100.  254.     
 TAP094 3  117.87    4.30   9.98   7.44 224.3 24403700.MNS NANO 20180206155011.  348.     
 MTN118 3  118.26    5.20   9.16   8.14 223.8 41203700.MNS NANO 20180206155008.  345.     
 TCU004 2  118.90    2.70   5.90   6.58 220.1 15803700.MNS NANO 20180206155020.  333.     
 TCU105 3  119.03    2.52   9.04   7.22 240.0 N1803700.SMT SMTA 20180206155000.  277.     
 TCU059 3  119.06    9.08  14.32  18.32 180.0 F0303700.SMT SMTA 20180206155000.  279.     
 TAP056 2  119.06    1.84   4.12   4.70 180.3 22603700.MNS NANO 20180206155018.  351.     
 TCU171 2  119.09    2.18   5.26   5.44 240.0 N1503700.SMT SMTA 20180206155000.  283.     
 TCU116 3  119.22    4.80   9.08   8.72 221.4 19703700.MNS NANO 20180206155010.  257.     
 TCU106 3  119.26    5.56  10.58  11.50 120.0 D2203700.SMT SMTA 20180206155100.  269.     
 TCU061 3  119.27    3.78   9.84  11.54 120.0 G6903700.SMT SMTA 20180206155100.  272.     
 TAP049 3  119.40    7.16  12.14  10.32 237.6 10603700.MNS NANO 20180206155008.  346.     
 CHY024 3  119.68    4.32   8.46  10.44 208.2 11103700.MNS NANO 20180206155021.  251.     
 TTN020 2  120.07    4.58   5.44   7.22 215.4 42203700.MNS NANO 20180206155026.  206.     
 TCU003 3  120.35    3.26   8.74   6.56 225.9 11203700.MNS NANO 20180206155021.  330.     
 TCU090 3  120.39    5.20  15.16  14.84 211.0 22803700.MNS NANO 20180206155012.  245.     
 TCU070 3  120.60    3.82  16.20  12.50 240.0 O4703700.SMT SMTA 20180206155000.  275.     
 TAP050 3  120.81    5.36  10.62   9.48 237.3 21903700.MNS NANO 20180206155016.  344.     
 CHY080 4  120.87    8.72  19.66  33.60 240.0 O1603700.SMT SMTA 20180206155000.  243.     
 TCU180 3  120.99    4.20   9.60   7.76 300.0 O7203700.SMT SMTA 20180206155000.  264.     
 TRB019 3  121.07    3.80  13.94  11.42  74.0 00703700.CVA CVA  20180206155044.  269.     
 MTN158 3  121.08    4.72   8.66   6.68 214.2 42703700.MNS NANO 20180206155010.  219.     
 TAP055 3  121.25    3.46   8.12   6.96 224.0 13803700.MNS NANO 20180206155009.  346.     
 TCU158 3  121.44    7.12  14.16  13.98 300.0 N3203700.SMT SMTA 20180206155000.  268.     
 TCU181 3  121.53    4.44  12.56  12.22 300.0 O7003700.SMT SMTA 20180206155000.  262.     
 TCU108 3  121.73    3.98  10.96   6.92 239.2 36603700.MNS NANO 20180206155015.  269.     
 TCU168 2  121.86    2.18   5.70   6.62 218.1 13303700.MNS NANO 20180206155021.  325.     
 TAP114 2  122.21    1.42   4.62   3.42 196.8 23303700.MNS NANO 20180206155020.  357.     
 TAP040 3  122.27    4.06   6.76   8.76 212.7 10403700.MNS NANO 20180206155022.  346.     
 TCU002 3  122.50    2.36   8.96   5.84 229.5 32303700.MNS NANO 20180206155021.  328.     
 TTN022 3  122.94    5.14  15.02  10.72 120.0 F2603700.SMT SMTA 20180206155100.  205.     
 TTN041 2  123.70    5.78   7.34   7.72  55.0 10003700.CVA CVA  20180206155121.  210.     
 CHY083 3  123.77    5.66  18.06  15.76 120.0 C0003700.SMT SMTA 20180206155100.  250.     
 TCU149 3  123.79    0.00   8.43  10.37 120.0 C3803700.SMT SMTA 20180206155100.  278.     
 TTN051 2  124.12    2.20   4.32   3.46  60.0 F0003700.SMT SMTA 20180206155100.  215.     
 TTN021 2  124.20    2.04   2.54   2.78 190.1 13103700.MNS NANO 20180206155031.  207.     
 TCU182 3  124.49    4.20  10.06   9.02 240.0 O6903700.SMT SMTA 20180206155000.  259.     
 CHY028 3  124.82    7.40  11.28  11.02  59.0 16617400.CVA CVA  20180206155125.  245.     
 TCU179 3  124.85    4.60  11.26  12.52 300.0 O6803700.SMT SMTA 20180206155000.  267.     
 TCU162 3  125.50    2.98  11.44   8.70 237.1 11703700.MNS NANO 20180206155013.  259.     
 TCU111 3  125.53    5.92  14.14  11.22 245.6 30403700.MNS NANO 20180206155014.  271.     
 TTN043 2  125.68    3.54   7.66   7.88  57.0 09303700.CVA CVA  20180206154832.  199.     
 TCU146 3  126.04    3.04  11.94   8.56 300.0 N4303700.SMT SMTA 20180206155000.  273.     
 TRB027 3  126.09    5.14  13.22  13.28  74.0 03603700.CVA CVA  20180206155107.  250.     
 CHY101 3  126.73    4.84  11.24  11.36 120.0 C0103700.SMT SMTA 20180206155100.  249.     
 CHY025 3  127.95    4.86  10.70   8.98 229.9 21103700.MNS NANO 20180206155012.  254.     
 TCU117 3  128.26    0.00  14.56  11.28 189.5 14303700.MNS NANO 20180206155015.  272.     
 TCU115 3  128.31    5.70  11.30  11.00 260.1 19003700.MNS NANO 20180206155014.  263.     
 TRB026 3  128.44    4.22  21.10  12.52  72.0 03903700.CVA CVA  20180206154922.  250.     
 CHY003 3  128.58    4.18  19.44  12.00 120.0 D5303700.SMT SMTA 20180206155100.  251.     
 CHY103 3  129.12    6.28  20.22  13.64 120.0 D6003700.SMT SMTA 20180206155100.  250.     
 CHY011 3  129.18    3.92  13.52  10.62  60.0 D5503700.SMT SMTA 20180206155100.  238.     
 TTN023 3  129.79    4.96  13.40  16.74 237.2 41903700.MNS NANO 20180206155022.  206.     
 TTN042 2  130.16    2.96   6.64   4.44  49.0 09403700.CVA CVA  20180206155127.  200.     
 TAP083 2  130.23    1.46   2.68   2.58 180.5 24003700.MNS NANO 20180206155024.  350.     
 TRB035 2  130.25    3.38   7.78   7.92  79.0 02303700.CVA CVA  20180206155042.  206.     
 TCU144 3  130.71    2.86  10.14  10.62 300.0 O4903700.SMT SMTA 20180206155000.  269.     
 CHY092 3  131.19    3.16   8.00  10.14 228.1 12503700.MNS NANO 20180206155025.  255.     
 TCU121 3  131.28    4.30  10.46  11.08 180.0 34403700.MNS NANO 20180206155013.  260.     
 TCU141 3  131.46    4.54  11.26   8.18 300.0 M3603700.SMT SMTA 20180206155000.  257.     
 MTN156 2  132.05    3.04   5.10   3.20 202.9 42503700.MNS NANO 20180206155012.  225.     
 TCU112 3  132.21    3.40  10.30  10.52 248.1 18903700.MNS NANO 20180206155025.  268.     
 TTN002 2  132.27    2.74   5.78   7.24  53.0 12803700.CVA CVA  20180206155028.  199.     
 TAP123 2  132.27    1.98   2.80   2.64 180.3 20503700.MNS NANO 20180206155045.  354.     
 CHY006 3  132.38   11.02  19.18  16.24 120.0 D9503700.SMT SMTA 20180206155100.  244.     
 TCU118 3  132.49    5.32  14.68  12.66 266.2 31903700.MNS NANO 20180206155014.  265.     
 CHY035 3  132.66    8.26  16.28  13.14 224.4 35003700.MNS NANO 20180206155012.  241.     
 CHY029 3  132.93    4.32   8.98   8.40 210.6 18103700.MNS NANO 20180206155026.  246.     
 TTN044 3  133.85    5.98   9.48  11.46  91.0 09903700.CVA CVA  20180206155031.  205.     
 TCU178 3  134.20    3.28   9.24   8.26 300.0 O6503700.SMT SMTA 20180206155000.  267.     
 CHY084 3  135.34    4.12  10.40  13.74 250.1 30203700.MNS NANO 20180206155015.  252.     
 TTN046 2  135.57    2.28   6.18   6.34  51.0 11603700.CVA CVA  20180206154947.  202.     
 TCU183 3  135.93    4.16  10.98   7.96 240.0 O6203700.SMT SMTA 20180206155000.  259.     
 CHY034 3  136.06    9.22  15.96  20.88 120.0 D8803700.SMT SMTA 20180206155100.  242.     
 CHY041 2  136.09    3.08   7.44   5.56 240.0 N9603700.SMT SMTA 20180206155000.  237.     
 CHY104 3  136.60    4.70  16.98  14.78 251.4 11403700.MNS NANO 20180206155022.  249.     
 CHY026 3  137.54    3.64   9.12   8.30 236.2 14203700.MNS NANO 20180206155017.  256.     
 TCU113 3  137.72    4.42  17.42  13.44 179.7 13903700.MNS NANO 20180206155014.  260.     
 TTN045 2  137.82    3.24   5.66   6.70 240.0 L9003700.SMT SMTA 20180206155000.  205.     
 CHY036 3  137.86    4.02  19.68  19.60  79.0 17317400.CVA CVA  20180206155128.  247.     
 CHY010 3  139.16    4.52   8.26   7.80  60.0 D0003700.SMT SMTA 20180206155100.  240.     
 TCU140 3  139.44    3.42   9.64  10.30 240.0 21603700.MNS NANO 20180206155017.  263.     
 CHY002 3  139.95    3.74  15.24   9.84 245.5 14903700.MNS NANO 20180206155022.  252.     
 CHY045 2  140.01    2.50   5.58   6.30  50.0 17617400.CVA CVA  20180206155130.  231.     
 CHY139 3  141.58    4.68  16.72  16.14 300.0 N5503700.SMT SMTA 20180206155000.  249.     
 CHY132 3  141.96    3.80   8.74  10.34  58.0 17017400.CVA CVA  20180206155132.  240.     
 TTN034 2  142.19    2.18   4.96   3.52 240.0 M0403700.SMT SMTA 20180206155000.  200.     
 CHY042 2  142.31    5.12   5.12   6.46  49.0 16917400.CVA CVA  20180206155131.  235.     
 CHY086 3  142.45    4.10  11.16   8.08 240.0 O1803700.SMT SMTA 20180206155000.  234.     
 CHY133 3  142.57    5.46  14.24  12.70 180.0 D5803700.SMT SMTA 20180206155000.  244.     
 CHY005 3  143.88    3.24  16.84  11.10 251.9 37103700.MNS NANO 20180206155028.  248.     
 CHY038 3  144.17    5.08   9.26   7.52 218.6 37603700.MNS NANO 20180206155029.  244.     
 TCU119 3  144.72    3.96  10.00  15.86 250.6 13703700.MNS NANO 20180206155013.  262.     
 TTN035 2  144.75    2.38   4.68   4.94 240.0 M3803700.SMT SMTA 20180206155000.  201.     
 CHY037 3  145.64    4.14  18.24  12.90  75.0 18017400.CVA CVA  20180206155131.  245.     
 CHY046 3  145.74    4.72  11.12   8.62  69.0 18217400.CVA CVA  20180206155119.  242.     
 CHY087 2  145.92    2.88   6.42   6.72 120.0 C2103700.SMT SMTA 20180206155100.  237.     
 CHY047 3  146.22    3.36  11.06  12.44 229.0 32803700.MNS NANO 20180206155018.  243.     
 CHY119 3  146.26    4.62   9.18  10.10 210.4 38103700.MNS NANO 20180206155030.  242.     
 CHY014 3  146.34    2.98   7.48   8.82  60.0 D7003700.SMT SMTA 20180206155100.  232.     
 CHY094 3  146.43    2.48  10.70   7.82 249.7 13203700.MNS NANO 20180206155028.  257.     
 CHY144 3  146.73    3.98  12.70  11.24 300.0 O6703700.SMT SMTA 20180206155000.  248.     
 MND017 3  146.83    5.18  15.10  14.58  78.0 05117400.CVA CVA  20180206155131.  242.     
 CHY102 2  147.52    2.40   3.58   3.04 180.0 D6103700.SMT SMTA 20180206155000.  230.     
 CHY073 3  148.16    3.80  12.16  12.24 120.0 D3803700.SMT SMTA 20180206155100.  243.     
 CHY048 3  148.32    3.28  11.56  11.36 241.0 31803700.MNS NANO 20180206155017.  242.     
 TRB024 3  148.34    3.76  13.90  12.84  75.0 04303700.CVA CVA  20180206155120.  242.     
 TCU086 3  148.95    2.24   9.02   7.18 120.0 B9403700.SMT SMTA 20180206155100.  260.     
 CHY082 3  150.63    3.58  12.24   9.38 259.0 20003700.MNS NANO 20180206155029.  254.     
 TRB025 3  151.12    3.24  14.78  12.26  81.0 03803700.CVA CVA  20180206235238.  242.     
 CHY138 3  152.41    4.36  12.38  17.32 300.0 N5403700.SMT SMTA 20180206155000.  251.     
 CHY106 3  152.89    2.64   9.92  13.32 235.7 30803700.MNS NANO 20180206155031.  241.     
 CHY105 3  153.44    3.52   9.20   7.78 232.6 34103700.MNS NANO 20180206155031.  247.     
 CHY135 2  153.86    5.24   7.62   7.60  60.0 D9003700.SMT SMTA 20180206155100.  234.     
 CHY039 3  154.51    2.62   7.68   8.16  64.0 17717400.CVA CVA  20180206155133.  245.     
 CHY027 3  155.10    3.44  10.12   7.64 300.0 N6303700.SMT SMTA 20180206155000.  256.     
 CHY081 2  155.86    2.90   3.46   4.82  60.0 D6603700.SMT SMTA 20180206155100.  234.     
 CHY088 3  156.06    4.30  11.52  10.86 222.8 15503700.MNS NANO 20180206155031.  238.     
 CHY111 3  156.13    3.18  10.54  12.18 120.0 D3203700.SMT SMTA 20180206155100.  257.     
 CHY032 3  156.58    5.36   8.18  10.12 241.1 17303700.MNS NANO 20180206155032.  248.     
 MTN155 2  156.76    1.70   2.50   2.60 180.3 20803700.MNS NANO 20180206155035.  223.     
 CHY117 3  156.80    5.26   9.14  12.98 120.0 C3403700.SMT SMTA 20180206155100.  258.     
 CHY001 3  157.01    3.14   9.76   8.50 250.3 19903700.MNS NANO 20180206155031.  254.     
 TTN027 2  157.27    1.76   4.48   3.52 240.0 L5703700.SMT SMTA 20180206155000.  204.     
 CHY051 2  157.59    2.62   5.34   7.46 200.8 30703700.MNS NANO 20180206155033.  235.     
 CHY015 3  157.67    3.60   7.54  15.54 120.0 C8503700.SMT SMTA 20180206155100.  238.     
 CHY095 3  159.45    3.22   9.14  12.04 120.0 D1803700.SMT SMTA 20180206155100.  243.     
 TTN005 2  160.45    2.68   3.48   4.46 209.4 16103700.MNS NANO 20180206155048.  202.     
 TTN015 2  160.48    2.14   4.04   4.78 180.0 F4503700.SMT SMTA 20180206155100.  201.     
 CHY049 3  161.05    4.22   8.84   7.56 300.0 N7903700.SMT SMTA 20180206155000.  240.     
 TTN009 2  161.09    2.16   5.02   4.96 218.9 39503700.MNS NANO 20180206155041.  201.     
 CHY076 3  161.17    3.84  10.70   8.80 120.0 B8003700.SMT SMTA 20180206155100.  251.     
 KAU047 2  162.10    2.10   3.58   4.18  60.0 C4403700.SMT SMTA 20180206155100.  226.     
 CHY112 3  162.55    4.24  11.84  12.26 205.1 12703700.MNS NANO 20180206155032.  254.     
 CHY120 3  162.77    3.50   8.32  10.32 258.8 35303700.MNS NANO 20180206155033.  244.     
 CHY008 2  162.99    2.66   7.40   7.22 120.0 C9703700.SMT SMTA 20180206155100.  245.     
 TTN010 2  163.32    1.40   2.66   3.24 194.5 34303700.MNS NANO 20180206155047.  202.     
 CHY128 3  163.48    3.20   9.04   6.62  69.0 15317400.CVA CVA  20180206155138.  237.     
 CHY033 3  165.40    2.96   8.00   7.92 251.0 20603700.MNS NANO 20180206155034.  248.     
 MTN154 2  165.84    2.62   4.02   6.12 187.4 41503700.MNS NANO 20180206155037.  222.     
 CHY053 2  165.95    3.36   7.46   7.18 227.9 38603700.MNS NANO 20180206155035.  237.     
 CHY123 2  166.52    1.78   6.90   5.54 120.0 F2203700.SMT SMTA 20180206155100.  246.     
 CHY018 2  166.87    2.04   5.06   4.42 120.0 D7803700.SMT SMTA 20180206155100.  234.     
 CHY004 3  167.36    3.58   7.14  11.62 238.1 16303700.MNS NANO 20180206155034.  251.     
 CHY093 3  167.89    2.90  12.10  14.10 204.4 16003700.MNS NANO 20180206155033.  253.     
 TRB028 2  168.18    2.98   7.10   7.08  57.0 04003700.CVA CVA  20180206154840.  239.     
 CHY122 3  168.49    2.62   7.82   8.06 244.1 36903700.MNS NANO 20180206155034.  239.     
 CHY054 2  168.78    3.22   6.42   6.78  65.0 15517400.CVA CVA  20180206155142.  239.     
 CHY013 3  169.79    2.70   7.38   8.40 265.4 31203700.MNS NANO 20180206155037.  241.     
 CHY107 2  170.84    3.20   6.34   6.46 235.1 34603700.MNS NANO 20180206155036.  239.     
 CHY100 2  170.84    2.78   7.30   5.90 120.0 D1903700.SMT SMTA 20180206155100.  235.     
 CHY113 3  171.90    1.94   9.12   6.96 227.7 12903700.MNS NANO 20180206155036.  244.     
 KAU068 2  173.66    2.26   3.86   2.52 240.0 L9603700.SMT SMTA 20180206155000.  224.     
 CHY022 2  173.87    2.08   3.96   3.32  60.0 D3403700.SMT SMTA 20180206155100.  228.     
 CHY055 2  174.48    2.20   6.86   7.58 231.5 38903700.MNS NANO 20180206155036.  238.     
 CHY134 2  174.84    2.94   6.22   6.54 180.0 D9303700.SMT SMTA 20180206155100.  241.     
 CHY145 3  175.59    2.20  11.10   6.04 300.0 O6403700.SMT SMTA 20180206155000.  246.     
 MND011 3  175.67    4.44  10.60   6.26  65.0 05317400.CVA CVA  20180206155138.  233.     
 CHY129 2  175.96    1.96   7.04   7.24 243.9 12003700.MNS NANO 20180206155038.  239.     
 CHY058 2  176.26    2.48   6.32   6.42 300.0 N6503700.SMT SMTA 20180206155000.  234.     
 CHY131 2  176.92    3.08   7.94   6.80 300.0 N7503700.SMT SMTA 20180206155000.  232.     
 CHY017 2  177.79    2.42   6.52   5.22 219.7 37403700.MNS NANO 20180206155040.  236.     
 CHY142 2  178.08    2.00   4.22   5.18 240.0 N5903700.SMT SMTA 20180206155000.  229.     
 CHY089 2  179.78    3.12   5.94   4.22 120.0 C1703700.SMT SMTA 20180206155100.  231.     
 KAU020 3  179.90    3.84  11.52   8.94 120.0 F3303700.SMT SMTA 20180206155100.  222.     
 TRB029 3  180.17    4.22   8.98   6.86  67.0 04403700.CVA CVA  20180206155126.  234.     
 CHY012 2  181.37    1.82   4.76   5.40 120.0 C8003700.SMT SMTA 20180206155100.  242.     
 CHY099 2  181.78    4.60   6.56   7.34 120.0 D7203700.SMT SMTA 20180206155100.  234.     
 KAU028 2  182.39    2.10   3.46   3.28 191.1 17203700.MNS NANO 20180206155042.  219.     
 KAU105 3  182.60    4.28   9.80   6.00 300.0 N6903700.SMT SMTA 20180206155000.  225.     
 CHY063 2  184.44    2.84   7.28   5.48  58.0 16217400.CVA CVA  20180206155149.  230.     
 CHY021 3  184.99    3.88   8.54   8.30 120.0 D1003700.SMT SMTA 20180206155100.  232.     
 KAU018 2  185.17    1.58   3.54   2.52 240.0 L6103700.SMT SMTA 20180206155000.  224.     
 CHY060 2  186.11    3.90   6.86   5.46 237.1 32403700.MNS NANO 20180206155044.  234.     
 CHY077 3  186.67    1.20   5.86   9.00 120.0 B8903700.SMT SMTA 20180206155100.  237.     
 CHY016 2  187.34    1.54   5.24   5.24 224.4 32603700.MNS NANO 20180206155041.  239.     
 CHY143 2  188.26    3.30   7.66   5.76 300.0 N5803700.SMT SMTA 20180206155000.  228.     
 CHY141 2  190.10    2.26   4.88   6.28 300.0 N8003700.SMT SMTA 20180206155000.  235.     
 CHY078 2  192.56    1.88   5.02   3.82 120.0 D2303700.SMT SMTA 20180206155100.  232.     
 KAU070 2  193.01    3.10   6.30   7.00 300.0 N4603700.SMT SMTA 20180206155000.  221.     
 CHY065 3  193.28    3.96   8.22  10.46 300.0 N7803700.SMT SMTA 20180206155000.  227.     
 KAU012 2  193.35    3.58   7.04   6.26 120.0 F2103700.SMT SMTA 20180206155100.  226.     
 CHY023 2  193.55    2.92   6.44   5.28 120.0 E0103700.SMT SMTA 20180206155100.  229.     
 CHY059 2  193.87    1.22   5.72   4.90 120.0 D3903700.SMT SMTA 20180206155100.  238.     
 KAU053 2  194.11    1.70   4.32   5.30 120.0 B9003700.SMT SMTA 20180206155100.  223.     
 CHY064 2  194.56    1.96   5.06   6.02 214.4 31303700.MNS NANO 20180206155046.  231.     
 CHY020 2  194.79    2.26   5.18   4.08 181.2 35203700.MNS NANO 20180206155043.  235.     
 CHY071 3  196.10    2.54   8.22   5.22  82.0 14917400.CVA CVA  20180206155208.  234.     
 CHY096 2  196.16    1.96   4.48   3.24 202.1 33203700.MNS NANO 20180206155054.  231.     
 KAU085 2  196.52    2.98   6.36   5.54 120.0 M2503700.SMT SMTA 20180206155100.  227.     
 CHY097 2  196.56    1.68   4.56   3.48 120.0 C9503700.SMT SMTA 20180206155100.  232.     
 KAU048 2  197.70    2.26   4.64   5.66 120.0 G7103700.SMT SMTA 20180206155100.  220.     
 CHY070 2  197.73    2.06   6.88   5.60  45.0 15417400.CVA CVA  20180206155203.  230.     
 CHY115 2  198.21    1.16   4.80   4.30 120.0 F0603700.SMT SMTA 20180206155100.  238.     
 CHY067 2  198.90    2.36   4.40   4.14 120.0 C8203700.SMT SMTA 20180206155100.  232.     
 KAU026 2  199.38    1.84   4.74   5.94 300.0 L6503700.SMT SMTA 20180206155000.  219.     
 CHY116 2  199.88    2.98   5.90   6.64 196.5 37703700.MNS NANO 20180206155047.  235.     
 KAU111 2  199.99    1.78   4.40   4.26 300.0 N6403700.SMT SMTA 20180206155000.  218.     
 CHY069 2  200.78    2.16   4.30   4.60 240.0 N5703700.SMT SMTA 20180206155100.  232.     
 CHY098 2  200.79    1.84   5.52   5.36 224.7 33703700.MNS NANO 20180206155049.  233.     
 KAU013 2  200.88    2.32   5.24   7.00 300.0 L8603700.SMT SMTA 20180206155000.  224.     
 KAU095 2  200.89    1.56   4.50   4.22 240.0 M3403700.SMT SMTA 20180206155000.  219.     
 CHY125 2  201.31    2.40   5.60   5.80  50.0 05003700.CVA CVA  20180206154915.  232.     
 CHY114 2  201.61    1.46   5.70   5.20 240.1 32103700.MNS NANO 20180206155048.  234.     
 KAU025 2  202.17    1.60   5.36   4.06 240.0 N2503700.SMT SMTA 20180206155000.  219.     
 KAU022 2  202.43    1.48   5.22   4.14 120.0 F4603700.SMT SMTA 20180206155100.  218.     
 CHY066 2  202.45    2.96   7.18   5.00 120.0 D7403700.SMT SMTA 20180206155100.  230.     
 KAU009 2  202.61    2.10   4.82   5.18 220.9 11903700.MNS NANO 20180206155051.  228.     
 TRB007 2  203.24    1.38   5.24   4.32  44.0 02803700.CVA CVA  20180206155031.  219.     
 KAU024 2  204.07    1.38   5.34   4.34 240.0 N3103700.SMT SMTA 20180206155000.  219.     
 KAU109 2  204.44    3.72   6.68   5.78 240.0 N6803700.SMT SMTA 20180206155100.  230.     
 KAU086 2  205.50    2.22   5.52   5.44 240.0 N3703700.SMT SMTA 20180206155100.  225.     
 KAU063 2  206.20    3.10   4.92   6.32 237.1 43203700.MNS NANO 20180206155100.  230.     
 TRB031 2  206.44    3.10   7.56   6.48  60.0 04503700.CVA CVA  20180206155131.  225.     
 KAU074 2  206.48    1.94   3.04   4.34 300.0 N2003700.SMT SMTA 20180206155000.  215.     
 KAU010 2  207.24    2.44   7.12   3.74 240.0 N3303700.SMT SMTA 20180206155100.  225.     
 KAU112 2  207.28    1.84   3.82   3.68 240.0 N7303700.SMT SMTA 20180206155000.  216.     
 KAU066 2  207.46    2.24   4.08   3.94 208.4 40903700.MNS NANO 20180206155053.  223.     
 KAU014 2  209.59    1.60   4.72   2.76 120.0 F3103700.SMT SMTA 20180206155100.  222.     
 KAU108 2  209.64    2.24   7.92   6.18 300.0 N7403700.SMT SMTA 20180206155000.  227.     
 KAU059 2  209.68    1.14   4.30   3.30 240.0 N3803700.SMT SMTA 20180206155100.  224.     
 KAU064 2  210.21    1.88   4.58   4.56 219.5 43003700.MNS NANO 20180206155054.  226.     
 KAU031 2  210.66    1.42   3.74   3.98 120.0 F2503700.SMT SMTA 20180206155100.  217.     
 KAU011 2  210.85    2.32   5.80   4.74 300.0 M9303700.SMT SMTA 20180206155000.  225.     
 KAU008 2  213.86    2.12   4.08   3.84 211.8 40803700.MNS NANO 20180206155055.  220.     
 KAU015 2  214.00    1.94   4.98   3.62 120.0 F3703700.SMT SMTA 20180206155100.  222.     
 KAU083 2  214.44    2.18   4.28   3.88 300.0 M9503700.SMT SMTA 20180206155000.  217.     
 KAU090 2  214.60    1.54   6.48   5.32 240.0 N2203700.SMT SMTA 20180206155000.  219.     
 KAU004 2  215.27    1.82   3.82   4.78 219.4 40103700.MNS NANO 20180206155055.  221.     
 KAU032 2  215.82    1.72   4.16   4.60 120.0 F2803700.SMT SMTA 20180206155100.  217.     
 KAU005 2  216.63    1.82   3.92   3.72 240.0 O5603700.SMT SMTA 20180206155100.  221.     
 KAU075 2  218.06    1.36   4.36   3.96 240.0 N2303700.SMT SMTA 20180206155000.  215.     
 KAU106 2  218.54    1.84   3.28   3.90 240.0 N5003700.SMT SMTA 20180206155100.  222.     
 KAU116 2  219.59    1.74   3.72   3.40 240.0 O3703700.SMT SMTA 20180206155100.  220.     
 KAU062 2  220.01    1.68   3.64   4.00 222.0 41303700.MNS NANO 20180206155056.  222.     
 KAU102 2  220.50    1.10   2.60   2.86 179.8 19103700.MNS NANO 20180206155057.  223.     
 KAU107 2  220.56    2.10   4.54   3.46 240.0 N6103700.SMT SMTA 20180206155000.  222.     
 KAU044 2  222.46    1.26   4.76   3.24 120.0 F4303700.SMT SMTA 20180206155100.  214.     
 KAU045 2  223.12    2.20   4.96   4.84 120.0 E0203700.SMT SMTA 20180206155100.  220.     
 KAU017 2  223.22    1.40   3.02   2.94 194.2 16703700.MNS NANO 20180206155103.  218.     
 KAU092 2  224.20    2.28   4.34   4.70 239.0 15303700.MNS NANO 20180206155059.  220.     
 KAU089 2  224.61    1.36   3.90   3.92 240.0 O6103700.SMT SMTA 20180206155100.  217.     
 KAU115 2  226.53    1.00   1.80   2.52 179.9 12103700.MNS NANO 20180206155101.  210.     
 HWA019 7   18.26  236.10 337.28 416.24 402.7 20103704.MNS NANO 20180206154948.  220.     
 HWA019 7   18.26  213.48 370.32 403.18 326.0 19203704.CVA CVA  20180206155037.  220.     
 ILA050 7   36.07   86.20 432.30 245.46 180.0 F0803708.SMT SMTA 20180206155000.    3.     
 TAP085 2   92.80    2.02   5.92   3.38 120.0 F3403700.SMT SMTA 20180206155000.  359.     
 TAP117 3  103.00    4.96  12.12   9.34 120.0 D3303700.SMT SMTA 20180206155000.  349.     
 TAP117 3  103.00    4.62   7.54   8.72  95.0 98103700.EVT ETNA 20180206155045.  349.     
 TAP025 3  104.80    4.44   8.54  13.36 180.0 C7803700.SMT SMTA 20180206155000.  347.     
 TAP001 3  106.06    4.64   8.76   6.16 180.0 G6703700.SMT SMTA 20180206155000.  348.     
 TCU076 2  108.58    2.62   6.60   5.90 120.0 D9803700.SMT SMTA 20180206155000.  259.     
 TAP007 3  109.89    4.26   9.36  10.04 180.0 C7903700.SMT SMTA 20180206155000.  349.     
 TAP003 3  112.57    6.14   8.22   9.50  96.0 A0303700.EVT ETNA 20180206155049.  346.     
 TCU168 2  121.86    2.18   5.66   6.42 120.0 D2603700.SMT SMTA 20180206155100.  325.     
