HWA027	24.0533	121.5985	396	6	24.05435	121.559166667	20.33	6.32	434.5623	48.1	4.0	143.3	226.06	382.08	223.5	39610800.MNS	NANO	2.019041805e+13	91.0
MND025	24.0267	121.5888	575	5	24.05435	121.559166667	20.33	6.32	0.0	0.0	4.21	124.9	167.74	225.64	81.0	T575001.108	A900	2.019041805e+13	134.0
HWA048	24.0083	121.5805	121	5	24.05435	121.559166667	20.33	6.32	349.7937	255.0	5.42	89.62	142.18	142.08	88.0	12110800.CVA	CVA	2.01904180459e+13	156.0
HWA023	24.08	121.6045	488	5	24.05435	121.559166667	20.33	6.32	623.13	32.0	5.48	91.32	169.02	111.18	120.0	E8810800.SMT	SMTA	2.019041805e+13	57.0
HWA028	24.0133	121.6095	335	6	24.05435	121.559166667	20.33	6.32	404.9129	221.1	6.77	125.08	264.34	121.82	238.4	33510800.MNS	NANO	2.019041805e+13	131.0
HWA049	23.9917	121.5645	373	7	24.05435	121.559166667	20.33	6.32	509.337860781	203.0	6.8	188.68	419.84	289.84	240.0	N7310800.SMT	SMTA	2.019041805e+13	175.0
HWA011	23.995	121.5948	131	5	24.05435	121.559166667	20.33	6.32	360.83714217	311.0	7.47	136.58	197.14	126.98	94.0	13110800.CVA	CVA	2.0190418046e+13	151.0
TRB042	24.0	121.6038	025	5	24.05435	121.559166667	20.33	6.32	0.0	0.0	7.51	72.42	139.42	117.4	102.0	02510800.CVA	CVA	2.019041805e+13	143.0
MND006	24.015	121.623	497	5	24.05435	121.559166667	20.33	6.32	0.0	0.0	7.74	112.32	202.24	68.2	69.0	T497001.108	A900	2.019041805e+13	123.0
HWA050	23.9867	121.5908	118	6	24.05435	121.559166667	20.33	6.32	343.439358	188.8793	8.04	199.74	254.6	248.14	87.0	11810800.CVA	CVA	2.01904180458e+13	156.0
HWA008	23.9867	121.603	122	5	24.05435	121.559166667	20.33	6.32	297.02970297	202.0	8.66	81.06	148.34	95.04	106.0	12210800.CVA	CVA	2.019041805e+13	149.0
HWA015	23.9717	121.5627	467	6	24.05435	121.559166667	20.33	6.32	445.5997	244.0	9.03	192.26	345.18	295.02	229.6	46710800.MNS	NANO	2.019041805e+13	178.0
HWA010	23.9783	121.6027	135	5	24.05435	121.559166667	20.33	6.32	249.677499896	186.0	9.51	128.04	238.02	92.8	92.0	13510800.CVA	CVA	2.01904180458e+13	152.0
HWA013	23.975	121.5985	374	5	24.05435	121.559166667	20.33	6.32	336.757029803	330.4	9.6	110.02	221.98	125.56	300.0	N7410800.SMT	SMTA	2.019041805e+13	155.0
HWA026	24.1167	121.6245	390	5	24.05435	121.559166667	20.33	6.32	460.9357	111.1	9.7	137.16	144.46	232.26	223.5	39010800.MNS	NANO	2.019041805e+13	43.0
HWA012	23.9917	121.6313	354	5	24.05435	121.559166667	20.33	6.32	409.7805	118.0	10.08	71.04	97.62	52.48	240.0	N5410800.SMT	SMTA	2.019041805e+13	133.0
HWA016	23.9617	121.5685	127	6	24.05435	121.559166667	20.33	6.32	579.598145286	51.4122	10.14	161.42	303.06	293.3	74.0	12710800.CVA	CVA	2.019041805e+13	175.0
HWA007	23.985	121.6262	125	5	24.05435	121.559166667	20.33	6.32	378.853107016	99.0	10.14	94.94	83.78	71.96	88.0	12510800.CVA	CVA	2.0190418046e+13	138.0
MND016	23.9767	121.6158	060	5	24.05435	121.559166667	20.33	6.32	0.0	0.0	10.29	120.38	122.76	90.12	90.0	06010800.CVA	CVA	2.01904180501e+13	146.0
HWA062	23.9783	121.6198	675	5	24.05435	121.559166667	20.33	6.32	605.693519079	204.0	10.32	96.08	139.28	89.74	180.0	G7510800.SMT	SMTA	2.019041805e+13	143.0
HWA014	23.97	121.6057	136	5	24.05435	121.559166667	20.33	6.32	279.955207167	267.0	10.35	75.2	109.9	134.18	101.0	13610800.CVA	CVA	2.0190418046e+13	153.0
HWA019	23.975	121.6135	201	6	24.05435	121.559166667	20.33	6.32	503.524672709	216.1	10.38	104.54	251.9	236.52	239.7	20110800.MNS	NANO	2.019041805e+13	148.0
HWA017	23.9467	121.547	134	6	24.05435	121.559166667	20.33	6.32	584.6815	60.0	11.82	197.16	309.42	321.52	71.0	13410800.CVA	CVA	2.019041805e+13	186.0
HWA058	23.965	121.4928	532	7	24.05435	121.559166667	20.33	6.32	525.6702	71.0	11.9	286.36	549.64	378.68	120.0	F3210800.SMT	SMTA	2.019041805e+13	215.0
HWA047	24.125	121.6548	366	5	24.05435	121.559166667	20.33	6.32	543.675244654	141.0	12.52	232.08	0.0	162.52	240.0	N6610800.SMT	SMTA	2.019041805e+13	51.0
HWA046	24.1467	121.6292	380	5	24.05435	121.559166667	20.33	6.32	643.7078	119.5	12.57	126.62	144.78	147.72	214.3	38010800.MNS	NANO	2.019041805e+13	34.0
HWA069	24.1717	121.5713	375	6	24.05435	121.559166667	20.33	6.32	0.0	0.0	13.05	218.8	258.9	299.9	240.0	N7510800.SMT	SMTA	2.019041805e+13	5.0
HWA057	24.1583	121.623	320	6	24.05435	121.559166667	20.33	6.32	814.87	8.3	13.25	133.28	364.5	193.24	180.0	D2010800.SMT	SMTA	2.019041805e+13	29.0
HWA029	23.935	121.5777	388	5	24.05435	121.559166667	20.33	6.32	597.1338	195.0	13.31	90.1	136.8	174.48	234.3	38810800.MNS	NANO	2.019041805e+13	172.0
MTN163	24.0067	121.424	046	5	24.05435	121.559166667	20.33	6.32	0.0	0.0	14.73	76.94	104.52	62.36	84.0	T046001.108	A900	2.019041805e+13	249.0
HWA025	24.1617	121.6522	176	5	24.05435	121.559166667	20.33	6.32	483.09178744	85.7662	15.19	131.96	134.06	117.74	222.7	17610800.MNS	NANO	2.019041805e+13	38.0
MTN164	24.0067	121.416	158	4	24.05435	121.559166667	20.33	6.32	0.0	0.0	15.45	30.66	42.62	43.3	76.0	T158001.108	A900	2.019041805e+13	251.0
HWA018	23.9033	121.5325	111	5	24.05435	121.559166667	20.33	6.32	462.5699	224.0	16.8	97.98	129.12	101.94	81.0	11110800.CVA	CVA	2.01904180501e+13	189.0
HWA060	23.9033	121.6017	538	5	24.05435	121.559166667	20.33	6.32	555.88	36.0	17.26	69.16	123.56	119.94	180.0	F3810800.SMT	SMTA	2.019041805e+13	165.0
HWA068	23.8967	121.5508	463	5	24.05435	121.559166667	20.33	6.32	0.0	0.0	17.41	91.66	180.04	136.3	234.5	46310800.MNS	NANO	2.019041805e+13	183.0
HWA072	24.2067	121.4817	464	5	24.05435	121.559166667	20.33	6.32	0.0	0.0	18.64	103.54	174.47	181.07	240.0	O6410800.SMT	SMTA	2.019041805e+13	335.0
MTN160	24.205	121.4517	431	5	24.05435	121.559166667	20.33	6.32	0.0	0.0	20.09	68.27	126.72	120.69	213.3	43110800.MNS	NANO	2.019041805e+13	327.0
HWA051	23.8667	121.5568	206	5	24.05435	121.559166667	20.33	6.32	449.7421	67.0	20.68	133.26	189.82	179.68	180.0	C0610800.SMT	SMTA	2.019041805e+13	181.0
HWA059	23.87	121.5073	544	5	24.05435	121.559166667	20.33	6.32	265.844129731	131.0	21.01	104.1	112.3	143.96	180.0	F4410800.SMT	SMTA	2.019041805e+13	195.0
MTN168	24.1917	121.3842	117	5	24.05435	121.559166667	20.33	6.32	0.0	0.0	23.43	105.84	140.46	192.06	90.0	T117001.108	A900	2.019041805e+13	311.0
HWA052	23.8183	121.4737	129	5	24.05435	121.559166667	20.33	6.32	576.4802	90.1	27.44	60.0	112.36	101.86	62.0	12910800.CVA	CVA	2.01904180459e+13	198.0
MTN145	24.18	121.3123	423	5	24.05435	121.559166667	20.33	6.32	0.0	0.0	28.75	80.26	105.42	144.02	217.0	42310800.MNS	NANO	2.019041805e+13	299.0
HWA020	23.8117	121.4417	494	6	24.05435	121.559166667	20.33	6.32	629.590766002	10.8	29.38	86.54	252.64	201.92	120.0	E9410800.SMT	SMTA	2.019041805e+13	204.0
HWA001	23.7883	121.563	305	5	24.05435	121.559166667	20.33	6.32	565.184626978	68.0	29.39	42.42	108.78	130.66	222.2	30510800.MNS	NANO	2.019041805e+13	179.0
HWA074	23.7867	121.5627	334	5	24.05435	121.559166667	20.33	6.32	0.0	0.0	29.55	37.78	106.14	84.82	120.0	D3410800.SMT	SMTA	2.019041805e+13	179.0
TCU130	24.1433	121.2725	540	5	24.05435	121.559166667	20.33	6.32	629.37	21.0	30.77	86.5	115.14	119.34	180.0	F4010800.SMT	SMTA	2.019041805e+13	289.0
HWA030	23.7833	121.456	356	5	24.05435	121.559166667	20.33	6.32	594.059405941	145.0	31.73	76.14	107.56	130.88	217.6	35610800.MNS	NANO	2.019041805e+13	199.0
TRB043	24.2967	121.7532	022	4	24.05435	121.559166667	20.33	6.32	0.0	0.0	33.3	49.08	51.58	61.48	70.0	02210800.CVA	CVA	2.019041805e+13	36.0
HWA045	24.3083	121.7495	309	5	24.05435	121.559166667	20.33	6.32	472.77598298	179.0	34.2	75.68	123.48	114.74	180.0	D0910800.SMT	SMTA	2.019041805e+13	34.0
HWA067	23.7533	121.4688	379	4	24.05435	121.559166667	20.33	6.32	0.0	0.0	34.46	60.34	57.68	67.76	221.5	37910800.MNS	NANO	2.019041805e+13	195.0
ILA053	24.3283	121.7393	280	5	24.05435	121.559166667	20.33	6.32	534.6641	43.0	35.53	72.58	114.04	98.04	120.0	C8010800.SMT	SMTA	2.019041805e+13	31.0
MTN146	24.255	121.2598	430	5	24.05435	121.559166667	20.33	6.32	0.0	0.0	37.72	32.18	99.14	107.7	90.0	T430001.245	A900	2.019041805e+13	306.0
HWA035	23.73	121.4447	394	5	24.05435	121.559166667	20.33	6.32	686.106346484	29.0	37.73	51.66	142.96	75.68	217.3	39410800.MNS	NANO	2.019041805e+13	198.0
HWA043	23.7067	121.5475	516	4	24.05435	121.559166667	20.33	6.32	544.4646098	52.0	38.39	20.98	45.64	36.34	180.0	F1610800.SMT	SMTA	2.019041805e+13	182.0
MTN172	24.2467	121.2442	399	4	24.05435	121.559166667	20.33	6.32	0.0	0.0	38.5	33.22	56.78	54.88	215.5	39910800.MNS	NANO	2.019041805e+13	304.0
TCU206	24.2467	121.2437	196	4	24.05435	121.559166667	20.33	6.32	0.0	0.0	38.55	34.02	64.12	59.82	240.0	L9610800.SMT	SMTA	2.019041805e+13	304.0
MTN169	24.1467	121.1892	153	5	24.05435	121.559166667	20.33	6.32	0.0	0.0	39.02	49.92	100.98	84.94	90.0	T153001.245	A900	2.01904180501e+13	285.0
MTN162	24.085	121.1738	168	4	24.05435	121.559166667	20.33	6.32	0.0	0.0	39.34	31.1	41.4	43.04	234.7	16810800.MNS	NANO	2.019041805e+13	275.0
TCU191	24.0817	121.1723	314	4	24.05435	121.559166667	20.33	6.32	0.0	0.0	39.46	34.84	55.74	58.72	180.0	D1410800.SMT	SMTA	2.019041805e+13	274.0
MTN141	24.3167	121.2935	077	5	24.05435	121.559166667	20.33	6.32	0.0	0.0	39.72	33.1	60.9	107.14	85.0	T077001.245	A900	2.01904180501e+13	317.0
TCU188	24.3367	121.308	322	5	24.05435	121.559166667	20.33	6.32	0.0	0.0	40.45	44.48	130.96	84.94	180.0	D2210800.SMT	SMTA	2.019041805e+13	321.0
TCU202	23.9533	121.1758	286	4	24.05435	121.559166667	20.33	6.32	0.0	0.0	40.54	47.62	69.58	58.58	120.0	C8610800.SMT	SMTA	2.019041805e+13	254.0
HWA032	23.7083	121.4198	365	5	24.05435	121.559166667	20.33	6.32	636.267232238	42.0	40.86	66.98	106.68	144.82	208.3	36510800.MNS	NANO	2.019041805e+13	200.0
MTN175	24.3667	121.339	007	4	24.05435	121.559166667	20.33	6.32	0.0	0.0	41.33	24.38	56.26	58.64	86.0	T007001.245	A900	2.01904180501e+13	327.0
MTN166	24.1217	121.1572	426	5	24.05435	121.559166667	20.33	6.32	0.0	0.0	41.57	20.88	89.76	92.86	207.2	42610800.MNS	NANO	2.019041805e+13	281.0
HWA033	23.6833	121.4827	331	4	24.05435	121.559166667	20.33	6.32	392.7473	93.9	41.69	41.44	65.38	67.54	180.0	D3110800.SMT	SMTA	2.019041805e+13	191.0
MTN174	24.375	121.305	147	4	24.05435	121.559166667	20.33	6.32	0.0	0.0	44.0	36.52	56.52	54.04	210.4	14710800.MNS	NANO	2.019041805e+13	324.0
HWA006	23.67	121.4245	130	5	24.05435	121.559166667	20.33	6.32	557.051341565	78.3	44.63	49.04	90.84	129.72	70.0	13010800.CVA	CVA	2.01904180459e+13	198.0
HWA044	23.6517	121.5363	327	4	24.05435	121.559166667	20.33	6.32	533.049040512	36.0	44.66	13.92	26.6	20.34	205.4	32710800.MNS	NANO	2.019041805e+13	183.0
HWA071	23.6683	121.4275	295	5	24.05435	121.559166667	20.33	6.32	0.0	0.0	44.75	79.34	127.6	146.66	120.0	C9510800.SMT	SMTA	2.019041805e+13	197.0
TRB038	23.665	121.4212	034	5	24.05435	121.559166667	20.33	6.32	0.0	0.0	45.25	109.2	114.8	179.84	75.0	03410800.CVA	CVA	2.01904180455e+13	198.0
ILA050	24.425	121.749	634	5	24.05435	121.559166667	20.33	6.32	626.57	36.0	45.44	55.64	177.2	185.44	67.0	63403100.EVT	K2	2.01904180501e+13	25.0
HWA005	23.66	121.4248	370	5	24.05435	121.559166667	20.33	6.32	445.753057832	65.3	45.7	34.74	119.38	146.9	228.1	37010800.MNS	NANO	2.019041805e+13	197.0
TCU088	24.2483	121.1618	514	5	24.05435	121.559166667	20.33	6.32	569.88	19.0	45.8	22.6	82.5	47.74	180.0	F1410800.SMT	SMTA	2.019041805e+13	298.0
ILA067	24.4367	121.3813	411	5	24.05435	121.559166667	20.33	6.32	806.78	20.0	46.12	37.24	109.92	105.68	240.0	O1110800.SMT	SMTA	2.019041805e+13	337.0
ILA075	24.445	121.7783	340	5	24.05435	121.559166667	20.33	6.32	0.0	0.0	48.66	61.86	159.44	161.7	180.0	D4010800.SMT	SMTA	2.019041805e+13	27.0
MTN129	24.4867	121.4267	109	4	24.05435	121.559166667	20.33	6.32	0.0	0.0	49.85	45.1	63.86	73.42	87.0	T109001.245	A900	2.01904180501e+13	344.0
HWA002	23.5967	121.5202	365	3	24.05435	121.559166667	20.33	6.32	789.3698	23.0	50.68	8.94	15.76	16.42	240.0	N6510800.SMT	SMTA	2.019041805e+13	184.0
MTN128	24.51	121.6113	126	5	24.05435	121.559166667	20.33	6.32	0.0	0.0	50.78	48.14	83.7	50.04	215.7	12610800.MNS	NANO	2.019041805e+13	6.0
ILA065	24.47	121.7777	491	5	24.05435	121.559166667	20.33	6.32	566.4118	13.0	51.17	102.6	154.08	229.82	180.0	E9110800.SMT	SMTA	2.019041805e+13	26.0
TRB044	24.4633	121.801	018	5	24.05435	121.559166667	20.33	6.32	0.0	0.0	51.54	134.58	200.12	126.72	76.0	01810800.CVA	CVA	2.01904180457e+13	28.0
ILA064	24.4733	121.7852	357	5	24.05435	121.559166667	20.33	6.32	740.01	9.0	51.8	85.78	103.08	110.18	180.0	D5710800.SMT	SMTA	2.019041805e+13	26.0
ILA062	24.465	121.8008	506	5	24.05435	121.559166667	20.33	6.32	759.04	11.0	51.81	76.72	144.04	116.64	224.5	50610800.MNS	NANO	2.019041805e+13	28.0
MTN181	24.535	121.5265	188	5	24.05435	121.559166667	20.33	6.32	0.0	0.0	53.38	25.74	83.02	90.96	217.5	18810800.MNS	NANO	2.019041805e+13	356.0
HWA034	23.5867	121.3837	391	4	24.05435	121.559166667	20.33	6.32	381.7765	140.0	54.67	31.68	63.28	56.28	210.1	39110800.MNS	NANO	2.019041805e+13	199.0
MTN167	23.9583	121.005	118	4	24.05435	121.559166667	20.33	6.32	0.0	0.0	57.34	35.4	31.42	47.9	213.4	11810800.MNS	NANO	2.019041805e+13	259.0
MTN147	24.2017	121.006	076	4	24.05435	121.559166667	20.33	6.32	0.0	0.0	58.55	18.72	24.76	39.84	89.0	T076001.245	A900	2.01904180501e+13	286.0
ILA061	24.52	121.8328	298	5	24.05435	121.559166667	20.33	6.32	502.05	82.0	58.73	29.82	71.52	100.1	180.0	C9810800.SMT	SMTA	2.019041805e+13	28.0
TCU074	23.96	120.9712	152	3	24.05435	121.559166667	20.33	6.32	558.2434	130.0	60.7	7.76	16.1	21.28	240.0	L5210800.SMT	SMTA	2.019041805e+13	260.0
ILA074	24.6017	121.5128	676	4	24.05435	121.559166667	20.33	6.32	0.0	0.0	60.9	16.86	34.5	72.28	60.0	G7610800.SMT	SMTA	2.01904180501e+13	356.0
MTN127	24.59	121.4118	184	4	24.05435	121.559166667	20.33	6.32	0.0	0.0	61.24	19.9	32.02	34.84	212.2	18410800.MNS	NANO	2.019041805e+13	346.0
TCU073	24.0117	120.9573	188	3	24.05435	121.559166667	20.33	6.32	640.94	117.0	61.39	5.26	10.34	8.76	240.0	B8810800.SMT	SMTA	2.019041805e+13	266.0
ILA063	24.6117	121.5258	415	4	24.05435	121.559166667	20.33	6.32	1002.6738	14.5	61.97	25.62	73.62	53.72	240.0	O1510800.SMT	SMTA	2.019041805e+13	357.0
HWA066	23.4817	121.5117	123	2	24.05435	121.559166667	20.33	6.32	428.222792028	116.3933	63.46	4.88	7.6	6.64	48.0	12310800.CVA	CVA	2.01904180459e+13	184.0
MTN134	24.5783	121.3033	414	4	24.05435	121.559166667	20.33	6.32	0.0	0.0	63.73	21.58	35.74	53.44	220.6	41410800.MNS	NANO	2.019041805e+13	336.0
HWA003	23.475	121.5055	367	2	24.05435	121.559166667	20.33	6.32	1538.0277	0.5	64.3	4.2	7.44	6.24	240.0	N6710800.SMT	SMTA	2.019041805e+13	185.0
TCU198	24.0333	120.9265	238	3	24.05435	121.559166667	20.33	6.32	0.0	0.0	64.39	7.94	15.2	14.68	240.0	M3810800.SMT	SMTA	2.019041805e+13	268.0
HWA036	23.4967	121.3745	354	4	24.05435	121.559166667	20.33	6.32	520.607375271	70.0017	64.46	13.68	28.46	20.9	208.4	35410800.MNS	NANO	2.019041805e+13	197.0
TCU148	23.9533	120.9342	196	3	24.05435	121.559166667	20.33	6.32	513.5228	49.0	64.54	10.66	13.22	15.26	60.0	B9610800.SMT	SMTA	2.01904180501e+13	260.0
ILA060	24.575	121.8438	503	5	24.05435	121.559166667	20.33	6.32	678.12	9.0	64.57	41.32	91.68	63.86	120.0	F0310800.SMT	SMTA	2.019041805e+13	27.0
ILA025	24.6367	121.5737	417	5	24.05435	121.559166667	20.33	6.32	669.99	13.0	64.65	44.68	172.56	57.5	240.0	O1710800.SMT	SMTA	2.019041805e+13	1.0
MTN131	24.59	121.8108	061	5	24.05435	121.559166667	20.33	6.32	0.0	0.0	64.7	50.1	116.7	69.7	78.0	T061001.245	A900	2.01904180501e+13	23.0
HWA021	23.5033	121.3298	495	4	24.05435	121.559166667	20.33	6.32	545.911971561	61.2193	65.29	12.72	30.36	30.34	60.0	E9510800.SMT	SMTA	2.01904180501e+13	201.0
TCU080	23.9	120.9378	422	3	24.05435	121.559166667	20.33	6.32	654.37	11.0	65.49	6.8	9.48	12.88	240.0	O2210800.SMT	SMTA	2.019041805e+13	255.0
TCU207	24.055	120.9117	178	3	24.05435	121.559166667	20.33	6.32	0.0	0.0	65.85	6.26	8.22	7.12	240.0	L7810800.SMT	SMTA	2.019041805e+13	270.0
ILA043	24.6267	121.7437	084	5	24.05435	121.559166667	20.33	6.32	518.37352611	62.0	66.1	45.96	137.4	134.96	71.0	08410800.CVA	CVA	2.01904180501e+13	16.0
ILA076	24.6333	121.7168	521	5	24.05435	121.559166667	20.33	6.32	0.0	0.0	66.17	60.54	158.48	106.22	120.0	F2110800.SMT	SMTA	2.01904180501e+13	14.0
ILA031	24.5967	121.8407	085	5	24.05435	121.559166667	20.33	6.32	657.3902	22.5	66.57	47.22	98.02	94.06	66.0	08510800.CVA	CVA	2.01904180501e+13	25.0
ILA007	24.5917	121.8535	064	5	24.05435	121.559166667	20.33	6.32	432.3545	58.0	66.67	56.92	141.0	108.94	82.0	06410800.CVA	CVA	2.01904180501e+13	27.0
MTN139	24.65	121.4748	424	4	24.05435	121.559166667	20.33	6.32	0.0	0.0	66.69	24.86	35.04	53.82	210.4	42410800.MNS	NANO	2.019041805e+13	353.0
TCU195	24.6067	121.2957	462	4	24.05435	121.559166667	20.33	6.32	0.0	0.0	66.8	13.26	37.1	34.82	240.0	O6210800.SMT	SMTA	2.019041805e+13	336.0
TRB041	24.6033	121.8325	020	5	24.05435	121.559166667	20.33	6.32	0.0	0.0	66.87	47.66	205.92	146.12	75.0	02010802.CVA	CVA	2.019041805e+13	25.0
TCU203	24.2767	120.9458	323	3	24.05435	121.559166667	20.33	6.32	0.0	0.0	67.05	6.88	9.82	11.8	240.0	N2310800.SMT	SMTA	2.019041805e+13	292.0
ILA071	24.6217	121.7942	091	5	24.05435	121.559166667	20.33	6.32	532.252360474	64.9931	67.21	51.96	165.96	115.76	72.0	09110800.CVA	CVA	2.019041805e+13	21.0
ILA068	24.5967	121.8573	306	5	24.05435	121.559166667	20.33	6.32	617.22	340.0	67.31	52.68	100.88	67.92	120.0	D0610800.SMT	SMTA	2.01904180501e+13	27.0
MTN136	24.505	121.1132	022	4	24.05435	121.559166667	20.33	6.32	0.0	0.0	67.46	10.76	19.56	34.96	89.0	T022001.108	A900	2.01904180501e+13	318.0
ILA022	24.6667	121.6508	182	4	24.05435	121.559166667	20.33	6.32	779.84	27.0	68.48	29.06	64.56	62.06	206.5	18210800.MNS	NANO	2.019041805e+13	8.0
ILA052	24.6067	121.86	498	4	24.05435	121.559166667	20.33	6.32	481.68	233.0	68.52	26.16	49.58	63.5	60.0	E9810800.SMT	SMTA	2.01904180501e+13	26.0
MND014	24.6017	121.8723	059	4	24.05435	121.559166667	20.33	6.32	0.0	0.0	68.53	20.54	57.0	41.0	59.0	05910800.CVA	CVA	2.01904180459e+13	28.0
MTN148	24.17	120.8957	014	3	24.05435	121.559166667	20.33	6.32	0.0	0.0	68.67	5.64	8.62	7.5	71.0	T014001.245	A900	2.01904180501e+13	281.0
TCU189	24.17	120.8948	458	3	24.05435	121.559166667	20.33	6.32	0.0	0.0	68.75	5.84	9.82	6.78	240.0	O5810800.SMT	SMTA	2.019041805e+13	281.0
HWA037	23.4517	121.3937	383	3	24.05435	121.559166667	20.33	6.32	466.526708654	244.0	68.81	15.32	24.48	16.7	236.3	38310800.MNS	NANO	2.019041805e+13	194.0
ILA032	24.6217	121.8347	420	5	24.05435	121.559166667	20.33	6.32	296.5159	219.0	68.81	41.88	60.76	100.32	210.5	42010800.MNS	NANO	2.019041805e+13	24.0
TCU084	23.88	120.9082	203	3	24.05435	121.559166667	20.33	6.32	733.78	23.0	68.96	6.08	14.54	14.72	120.0	C0310800.SMT	SMTA	2.01904180501e+13	254.0
HWA038	23.4583	121.3518	358	3	24.05435	121.559166667	20.33	6.32	661.5215	8.0	69.26	7.46	13.84	9.3	208.9	35810800.MNS	NANO	2.019041805e+13	198.0
ILA023	24.6783	121.6095	454	4	24.05435	121.559166667	20.33	6.32	555.442656218	71.0	69.34	25.48	66.46	51.18	216.1	45410800.MNS	NANO	2.019041805e+13	4.0
ILA044	24.6533	121.7625	092	5	24.05435	121.559166667	20.33	6.32	159.0	310.0	69.5	36.5	101.5	128.28	99.0	09210800.CVA	CVA	2.01904180501e+13	17.0
ILA047	24.6433	121.7942	470	5	24.05435	121.559166667	20.33	6.32	260.129957407	396.0	69.51	35.4	91.46	143.22	300.0	O7010800.SMT	SMTA	2.019041805e+13	20.0
TCU169	24.3967	120.9858	537	4	24.05435	121.559166667	20.33	6.32	0.0	0.0	69.56	0.0	20.52	32.64	240.0	F3710800.SMT	SMTA	2.019041805e+13	303.0
TCU142	23.98	120.8762	414	3	24.05435	121.559166667	20.33	6.32	643.51	12.0	69.95	4.04	4.98	8.38	240.0	O1410800.SMT	SMTA	2.019041805e+13	263.0
ILA046	24.665	121.7423	531	5	24.05435	121.559166667	20.33	6.32	397.59	300.0	70.14	32.24	52.08	114.92	216.5	53110800.MNS	NANO	2.019041805e+13	15.0
MTN180	24.3883	120.9713	434	2	24.05435	121.559166667	20.33	6.32	0.0	0.0	70.25	7.14	6.18	7.64	199.5	43410800.MNS	NANO	2.019041805e+13	302.0
ILA018	24.6783	121.6882	181	5	24.05435	121.559166667	20.33	6.32	497.4712	82.0	70.51	28.46	70.26	82.14	240.0	L8110800.SMT	SMTA	2.019041805e+13	11.0
ILA006	24.6383	121.8327	062	5	24.05435	121.559166667	20.33	6.32	276.3703	276.3539	70.52	37.16	88.24	128.04	80.0	06210800.CVA	CVA	2.01904180446e+13	23.0
MTN179	24.3583	120.9465	476	3	24.05435	121.559166667	20.33	6.32	0.0	0.0	70.84	8.04	14.82	15.0	83.0	T476001.108	A900	2.01904180501e+13	299.0
TCU072	24.0383	120.858	428	3	24.05435	121.559166667	20.33	6.32	471.8836	66.0	71.33	4.66	8.44	12.06	240.0	O2810800.SMT	SMTA	2.019041805e+13	269.0
TCU085	24.6733	121.3665	383	4	24.05435	121.559166667	20.33	6.32	1037.8827	12.5	71.33	29.86	41.9	60.26	240.0	N8310800.SMT	SMTA	2.019041805e+13	344.0
ILA058	24.6733	121.7575	109	5	24.05435	121.559166667	20.33	6.32	248.256836301	324.0	71.59	28.92	165.6	128.42	91.0	10910800.CVA	CVA	2.01904180501e+13	16.0
ILA026	24.6733	121.7728	530	5	24.05435	121.559166667	20.33	6.32	237.5022	440.0	71.91	35.78	131.46	137.64	254.8	53010800.MNS	NANO	2.019041805e+13	18.0
MTN137	24.66	121.3012	411	3	24.05435	121.559166667	20.33	6.32	0.0	0.0	72.01	9.64	13.9	15.94	205.9	41110800.MNS	NANO	2.019041805e+13	339.0
TCU089	23.905	120.8698	179	2	24.05435	121.559166667	20.33	6.32	471.01	82.0	72.07	3.34	3.92	4.78	60.0	B7910800.SMT	SMTA	2.01904180501e+13	257.0
ILA059	24.665	121.8297	341	5	24.05435	121.559166667	20.33	6.32	232.2417	398.0	73.04	18.66	87.78	90.62	120.0	D4110800.SMT	SMTA	2.01904180501e+13	22.0
ILA027	24.6883	121.7667	298	5	24.05435	121.559166667	20.33	6.32	267.472858886	625.0	73.38	19.48	83.02	60.22	300.0	M9810800.SMT	SMTA	2.019041805e+13	17.0
ILA021	24.71	121.653	104	4	24.05435	121.559166667	20.33	6.32	546.35473206	86.0	73.41	18.16	45.66	61.02	65.0	10410800.CVA	CVA	2.01904180502e+13	7.0
MTN132	24.575	121.1058	209	3	24.05435	121.559166667	20.33	6.32	0.0	0.0	73.8	6.72	13.62	13.62	200.8	20910800.MNS	NANO	2.019041805e+13	321.0
ILA042	24.6867	121.7987	509	5	24.05435	121.559166667	20.33	6.32	213.1817	610.0	74.22	26.36	89.82	62.16	262.5	50910800.MNS	NANO	2.019041805e+13	19.0
ILA051	24.7167	121.6828	236	5	24.05435	121.559166667	20.33	6.32	535.236396075	41.0	74.57	39.02	94.9	111.82	120.0	C3610800.SMT	SMTA	2.01904180501e+13	10.0
ILA072	24.7	121.7717	508	5	24.05435	121.559166667	20.33	6.32	0.0	0.0	74.69	12.96	74.72	97.78	254.6	50810800.MNS	NANO	2.019041805e+13	17.0
TCU193	24.5783	121.0863	343	3	24.05435	121.559166667	20.33	6.32	0.0	0.0	75.35	7.98	9.64	18.4	240.0	N4310800.SMT	SMTA	2.019041805e+13	320.0
ILA008	24.7067	121.7707	081	5	24.05435	121.559166667	20.33	6.32	290.6977	649.0	75.42	25.52	85.82	63.84	91.0	08110800.CVA	CVA	2.01904180501e+13	17.0
ILA005	24.6967	121.8127	061	5	24.05435	121.559166667	20.33	6.32	237.2093	635.0	75.67	23.14	85.42	75.72	92.0	06110800.CVA	CVA	2.01904180501e+13	20.0
MTN133	24.625	121.1485	116	3	24.05435	121.559166667	20.33	6.32	0.0	0.0	75.72	7.2	11.54	14.92	212.7	11610800.MNS	NANO	2.019041805e+13	327.0
HWA053	23.405	121.3203	113	3	24.05435	121.559166667	20.33	6.32	829.072820229	18.0	75.78	8.1	10.4	10.84	47.0	11310800.CVA	CVA	2.01904180501e+13	199.0
ILA038	24.7183	121.744	335	4	24.05435	121.559166667	20.33	6.32	243.8529	467.0	76.06	17.98	39.22	59.26	300.0	N3510800.SMT	SMTA	2.019041805e+13	14.0
TCU078	23.8083	120.8543	397	2	24.05435	121.559166667	20.33	6.32	444.5432	41.0	76.69	4.76	5.72	6.28	198.3	39710800.MNS	NANO	2.019041805e+13	249.0
HWA039	23.3817	121.3593	363	3	24.05435	121.559166667	20.33	6.32	504.914691333	101.0	77.09	5.34	8.94	10.0	213.5	36310800.MNS	NANO	2.019041805e+13	195.0
ILA030	24.7233	121.7637	083	5	24.05435	121.559166667	20.33	6.32	198.5112	726.0	77.11	30.54	48.84	82.72	96.0	08310800.CVA	CVA	2.019041805e+13	16.0
TCU069	24.2583	120.831	571	3	24.05435	121.559166667	20.33	6.32	554.7337	84.0	77.41	6.16	11.94	9.26	216.1	57110800.MNS	NANO	2.019041805e+13	287.0
ILA013	24.7333	121.7377	087	4	24.05435	121.559166667	20.33	6.32	224.545918952	661.0	77.43	22.88	77.48	64.82	96.0	08710800.CVA	CVA	2.01904180501e+13	14.0
MTN177	24.41	120.9027	063	3	24.05435	121.559166667	20.33	6.32	0.0	0.0	77.49	7.0	11.56	12.22	84.0	T063001.245	A900	2.01904180501e+13	301.0
MTN176	24.465	120.9402	417	3	24.05435	121.559166667	20.33	6.32	0.0	0.0	77.63	10.96	13.34	10.92	206.7	41710800.MNS	NANO	2.019041805e+13	306.0
MTN178	24.3517	120.8657	539	3	24.05435	121.559166667	20.33	6.32	0.0	0.0	77.82	13.46	23.66	22.24	233.9	53910800.MNS	NANO	2.019041805e+13	295.0
ILA020	24.7533	121.6357	433	5	24.05435	121.559166667	20.33	6.32	453.549	45.0	77.86	15.22	85.3	60.88	211.1	43310800.MNS	NANO	2.019041805e+13	6.0
ILA041	24.7217	121.8003	145	5	24.05435	121.559166667	20.33	6.32	194.179	758.7	77.89	17.12	59.48	93.28	104.0	14510800.CVA	CVA	2.01904180501e+13	18.0
TTN031	23.355	121.4673	549	3	24.05435	121.559166667	20.33	6.32	512.689054089	90.0	77.89	5.64	18.56	15.48	210.9	54910800.MNS	NANO	2.019041805e+13	187.0
ILA016	24.7467	121.6907	309	5	24.05435	121.559166667	20.33	6.32	269.7101	208.2	77.98	26.84	82.46	76.36	225.7	30910800.MNS	NANO	2.019041805e+13	10.0
TCU209	24.6317	121.1177	427	3	24.05435	121.559166667	20.33	6.32	0.0	0.0	78.09	5.62	7.34	8.04	240.0	O2710800.SMT	SMTA	2.019041805e+13	325.0
TCU071	23.9833	120.7952	471	3	24.05435	121.559166667	20.33	6.32	614.7541	34.0	78.11	5.06	8.18	9.98	205.3	47110800.MNS	NANO	2.019041805e+13	264.0
ILA037	24.7433	121.7228	485	5	24.05435	121.559166667	20.33	6.32	212.9296	447.0	78.12	22.16	62.2	91.3	230.4	48510800.MNS	NANO	2.019041805e+13	12.0
MTN170	23.765	120.8557	416	3	24.05435	121.559166667	20.33	6.32	0.0	0.0	78.43	7.32	13.52	14.82	197.9	41610800.MNS	NANO	2.019041805e+13	246.0
MND001	24.2317	120.8117	499	3	24.05435	121.559166667	20.33	6.32	0.0	0.0	78.46	6.02	9.94	9.42	50.0	T499001.108	A900	2.01904180501e+13	284.0
MTN138	24.7367	121.35	418	3	24.05435	121.559166667	20.33	6.32	0.0	0.0	78.62	13.48	16.66	20.6	200.4	41810800.MNS	NANO	2.019041805e+13	344.0
MTN153	24.7133	121.2692	166	3	24.05435	121.559166667	20.33	6.32	0.0	0.0	78.76	5.86	7.88	9.04	72.0	T166001.108	A900	2.01904180501e+13	338.0
TCU174	24.2267	120.806	484	3	24.05435	121.559166667	20.33	6.32	0.0	0.0	78.89	5.22	11.42	8.88	222.6	48410800.MNS	NANO	2.019041805e+13	284.0
MTN150	24.2267	120.8053	043	3	24.05435	121.559166667	20.33	6.32	0.0	0.0	78.96	6.1	9.4	9.34	78.0	T043001.245	A900	2.01904180501e+13	284.0
ILA004	24.7433	121.7907	522	4	24.05435	121.559166667	20.33	6.32	121.4493	1126.0	79.84	13.62	45.76	75.32	262.1	52210800.MNS	NANO	2.019041805e+13	17.0
ILA028	24.7533	121.7547	089	4	24.05435	121.559166667	20.33	6.32	218.3803	710.0	79.94	23.36	67.68	73.36	88.0	08910800.CVA	CVA	2.01904180501e+13	14.0
ILA055	24.7367	121.8162	304	4	24.05435	121.559166667	20.33	6.32	265.9574	844.0	79.95	17.68	73.92	77.08	120.0	D0410800.SMT	SMTA	2.01904180501e+13	19.0
ILA070	24.7533	121.7557	239	5	24.05435	121.559166667	20.33	6.32	294.993861729	646.0	80.09	25.9	60.78	82.08	300.0	M3910800.SMT	SMTA	2.019041805e+13	14.0
TRB039	24.7533	121.7587	016	4	24.05435	121.559166667	20.33	6.32	0.0	0.0	80.11	15.4	43.92	61.68	95.0	01610800.CVA	CVA	2.019041805e+13	15.0
TAP129	24.7767	121.5025	468	4	24.05435	121.559166667	20.33	6.32	0.0	0.0	80.27	15.54	32.08	22.02	240.0	O6810800.SMT	SMTA	2.019041805e+13	356.0
ILA039	24.7633	121.7298	317	4	24.05435	121.559166667	20.33	6.32	222.8089	247.0	80.45	16.72	59.44	51.2	300.0	N1710800.SMT	SMTA	2.019041805e+13	12.0
TCU185	24.4217	120.8718	536	3	24.05435	121.559166667	20.33	6.32	0.0	0.0	80.86	7.22	9.52	13.12	180.0	F3610800.SMT	SMTA	2.019041805e+13	300.0
ILA049	24.7633	121.7563	288	4	24.05435	121.559166667	20.33	6.32	242.409953224	611.0	81.09	16.2	39.96	45.16	120.0	C8810800.SMT	SMTA	2.01904180501e+13	14.0
ILA015	24.7783	121.6992	425	4	24.05435	121.559166667	20.33	6.32	776.8007	18.5	81.51	17.44	56.42	33.28	240.0	O2510800.SMT	SMTA	2.019041805e+13	10.0
TCU025	24.705	121.1832	421	3	24.05435	121.559166667	20.33	6.32	506.47	29.0	81.59	5.96	10.62	9.08	240.0	O2110800.SMT	SMTA	2.019041805e+13	332.0
ILA029	24.77	121.7543	237	4	24.05435	121.559166667	20.33	6.32	186.9741	567.0	81.84	19.08	42.2	43.1	225.9	23710800.MNS	NANO	2.019041805e+13	14.0
HWA073	23.3467	121.3192	529	3	24.05435	121.559166667	20.33	6.32	0.0	0.0	82.05	4.1	8.9	10.54	60.0	F2910800.SMT	SMTA	2.01904180501e+13	197.0
HWA024	23.35	121.3053	523	2	24.05435	121.559166667	20.33	6.32	693.6	29.0	82.1	6.42	6.5	6.28	60.0	F2310800.SMT	SMTA	2.01904180501e+13	198.0
TCU204	23.695	120.8532	183	3	24.05435	121.559166667	20.33	6.32	0.0	0.0	82.11	5.5	10.8	9.66	240.0	L8310800.SMT	SMTA	2.019041805e+13	241.0
ILA056	24.7583	121.8143	313	4	24.05435	121.559166667	20.33	6.32	221.287	1094.0	82.23	11.94	47.66	57.86	120.0	D1310800.SMT	SMTA	2.01904180501e+13	18.0
TTN001	23.315	121.4512	303	3	24.05435	121.559166667	20.33	6.32	484.457004441	116.0	82.47	4.18	7.42	8.02	240.0	N0310800.SMT	SMTA	2.019041805e+13	188.0
TCU077	23.8267	120.7873	497	3	24.05435	121.559166667	20.33	6.32	507.4854	38.0	82.5	4.4	11.48	13.3	214.1	49710800.MNS	NANO	2.019041805e+13	252.0
ILA012	24.7783	121.744	079	4	24.05435	121.559166667	20.33	6.32	255.4818	248.0	82.51	19.82	32.26	47.42	87.0	07910800.CVA	CVA	2.019041805e+13	13.0
ILA040	24.7717	121.7988	387	4	24.05435	121.559166667	20.33	6.32	188.3537	1154.0	83.16	15.32	51.66	76.14	120.0	D8710800.SMT	SMTA	2.01904180501e+13	17.0
TCU143	23.8783	120.7633	578	3	24.05435	121.559166667	20.33	6.32	465.9109	51.0	83.27	9.36	16.28	16.92	226.5	57810800.MNS	NANO	2.019041805e+13	257.0
TCU068	24.275	120.7732	537	3	24.05435	121.559166667	20.33	6.32	489.9959	67.0	83.55	4.8	13.68	8.1	217.9	53710800.MNS	NANO	2.019041805e+13	287.0
MTN151	24.185	120.748	098	3	24.05435	121.559166667	20.33	6.32	0.0	0.0	83.72	14.3	23.06	20.48	90.0	T098001.108	A900	2.01904180501e+13	280.0
HWA065	23.3283	121.3193	357	3	24.05435	121.559166667	20.33	6.32	371.260038319	161.0089	83.95	3.48	8.38	9.74	203.8	35710800.MNS	NANO	2.019041805e+13	197.0
TRB034	23.33	121.3118	024	3	24.05435	121.559166667	20.33	6.32	0.0	0.0	84.0	4.66	13.16	13.56	51.0	02410800.CVA	CVA	2.019041805e+13	197.0
TCU045	24.5383	120.9205	523	3	24.05435	121.559166667	20.33	6.32	706.9636	21.0	84.23	8.36	11.74	8.62	209.0	52310800.MNS	NANO	2.019041805e+13	310.0
HWA055	23.32	121.34	095	3	24.05435	121.559166667	20.33	6.32	524.434380852	101.0	84.27	4.8	9.86	8.7	61.0	09510800.CVA	CVA	2.019041805e+13	195.0
TCU046	24.465	120.8612	163	3	24.05435	121.559166667	20.33	6.32	462.606	32.0	84.28	5.64	10.18	7.76	300.0	L6310800.SMT	SMTA	2.01904180458e+13	303.0
TCU067	24.09	120.7282	205	3	24.05435	121.559166667	20.33	6.32	440.3023	34.0	84.59	8.18	11.6	11.64	240.0	M0510800.SMT	SMTA	2.019041805e+13	273.0
TCU196	23.6067	120.8852	377	3	24.05435	121.559166667	20.33	6.32	0.0	0.0	84.64	4.46	10.04	12.98	120.0	D7710800.SMT	SMTA	2.01904180501e+13	234.0
TCU127	24.6283	121.0088	668	3	24.05435	121.559166667	20.33	6.32	807.6457	29.0	84.73	7.02	10.28	10.16	120.0	G6810800.SMT	SMTA	2.01904180501e+13	319.0
TCU023	24.72	121.14	569	4	24.05435	121.559166667	20.33	6.32	555.1957	52.0	85.11	9.74	18.18	25.66	234.1	56910800.MNS	NANO	2.019041805e+13	330.0
TCU087	24.345	120.7808	908	3	24.05435	121.559166667	20.33	6.32	460.48	56.0	85.43	9.6	16.44	10.26	120.0	J0810800.SMT	SMTA	2.01904180501e+13	292.0
TCU186	24.7983	121.3313	447	3	24.05435	121.559166667	20.33	6.32	0.0	0.0	85.65	9.62	20.4	21.9	240.0	O4710800.SMT	SMTA	2.019041805e+13	344.0
TCU197	24.6467	121.0163	465	3	24.05435	121.559166667	20.33	6.32	0.0	0.0	85.68	8.48	13.16	10.48	240.0	O6510800.SMT	SMTA	2.019041805e+13	320.0
TCU170	24.1533	120.7197	451	2	24.05435	121.559166667	20.33	6.32	0.0	0.0	86.06	4.02	7.06	7.96	208.6	45110800.MNS	NANO	2.019041805e+13	277.0
MTN143	24.7583	121.1997	418	3	24.05435	121.559166667	20.33	6.32	0.0	0.0	86.23	8.84	20.92	18.64	85.0	T418001.245	A900	2.01904180501e+13	335.0
ILA034	24.8017	121.8142	236	3	24.05435	121.559166667	20.33	6.32	217.6665	783.0	86.76	10.12	17.52	23.1	300.0	M3610800.SMT	SMTA	2.019041805e+13	17.0
MTN105	24.8383	121.5285	255	3	24.05435	121.559166667	20.33	6.32	781.07	9.0	86.98	15.38	14.57	14.47	82.0	T255001.108	A900	2.01904180501e+13	358.0
TCU102	24.2467	120.7287	557	3	24.05435	121.559166667	20.33	6.32	706.2054	37.0	87.05	4.84	7.6	8.48	215.3	55710800.MNS	NANO	2.019041805e+13	284.0
MTN125	24.8367	121.6482	141	4	24.05435	121.559166667	20.33	6.32	0.0	0.0	87.21	10.66	34.34	19.98	204.9	14110800.MNS	NANO	2.019041805e+13	6.0
TRB017	24.26	120.7308	010	2	24.05435	121.559166667	20.33	6.32	0.0	0.0	87.24	3.72	6.58	7.8	56.0	01010800.CVA	CVA	2.01904180459e+13	285.0
TCU065	24.055	120.6998	165	4	24.05435	121.559166667	20.33	6.32	290.1073	124.5	87.39	10.68	25.36	20.84	233.0	16510800.MNS	NANO	2.019041805e+13	270.0
TCU157	24.0417	120.6982	304	3	24.05435	121.559166667	20.33	6.32	389.71	106.0	87.58	7.22	11.74	9.78	240.0	N0410800.SMT	SMTA	2.019041805e+13	269.0
CHY121	23.4867	120.9592	535	3	24.05435	121.559166667	20.33	6.32	328.58	43.0	87.64	0.0	12.24	13.58	120.0	F3510800.SMT	SMTA	2.01904180501e+13	224.0
ILA035	24.8217	121.7685	538	4	24.05435	121.559166667	20.33	6.32	293.0976	258.0	87.67	12.3	28.74	28.88	231.9	53810800.MNS	NANO	2.019041805e+13	14.0
TCU099	24.135	120.6993	448	3	24.05435	121.559166667	20.33	6.32	424.186152706	52.0	87.89	3.64	7.92	9.32	207.0	44810800.MNS	NANO	2.019041805e+13	276.0
TCU150	23.89	120.7137	428	3	24.05435	121.559166667	20.33	6.32	539.962036837	88.0	87.91	5.46	11.42	14.26	227.3	42810800.MNS	NANO	2.019041805e+13	258.0
TCU101	24.2383	120.7172	182	2	24.05435	121.559166667	20.33	6.32	720.69	20.0	87.99	6.52	5.48	7.02	240.0	L8210800.SMT	SMTA	2.019041805e+13	283.0
TCU028	24.7	121.0535	171	3	24.05435	121.559166667	20.33	6.32	524.9344	38.0	88.01	9.18	15.76	14.22	234.1	17110800.MNS	NANO	2.019041805e+13	324.0
TRB040	24.825	121.7745	019	4	24.05435	121.559166667	20.33	6.32	0.0	0.0	88.14	12.38	30.1	37.54	82.0	01910800.CVA	CVA	2.01904180459e+13	14.0
TCU156	24.2583	120.7192	198	2	24.05435	121.559166667	20.33	6.32	654.34	110.0	88.31	4.02	6.16	4.22	240.0	L9810800.SMT	SMTA	2.019041805e+13	285.0
TCU049	24.1767	120.6997	554	3	24.05435	121.559166667	20.33	6.32	469.7409	145.0	88.42	6.5	7.12	8.82	206.7	55410800.MNS	NANO	2.019041805e+13	279.0
MND007	24.1467	120.6953	507	3	24.05435	121.559166667	20.33	6.32	0.0	0.0	88.43	4.12	6.92	8.38	40.0	T507001.245	A900	2.01904180501e+13	277.0
TCU199	23.8217	120.7278	357	3	24.05435	121.559166667	20.33	6.32	0.0	0.0	88.45	4.26	11.52	9.66	240.0	N5710800.SMT	SMTA	2.019041805e+13	253.0
TCU066	24.2133	120.7043	551	3	24.05435	121.559166667	20.33	6.32	582.694	147.5	88.66	7.12	9.04	10.88	205.0	55110800.MNS	NANO	2.019041805e+13	281.0
TCU058	24.2483	120.7127	200	2	24.05435	121.559166667	20.33	6.32	650.91	90.0	88.7	5.2	7.32	5.44	240.0	M0010800.SMT	SMTA	2.019041805e+13	284.0
TCU184	23.7483	120.7525	500	3	24.05435	121.559166667	20.33	6.32	0.0	0.0	88.81	7.68	11.72	0.0	225.3	50010800.MNS	NANO	2.019041805e+13	248.0
TCU210	24.7767	121.1752	215	3	24.05435	121.559166667	20.33	6.32	0.0	0.0	89.01	9.92	19.66	21.88	300.0	C1510800.SMT	SMTA	2.019041805e+13	334.0
TCU075	23.98	120.6877	507	3	24.05435	121.559166667	20.33	6.32	521.2406	58.6	89.02	8.4	9.88	9.18	120.0	F0710800.SMT	SMTA	2.01904180501e+13	265.0
TCU095	24.6883	121.02	582	3	24.05435	121.559166667	20.33	6.32	454.0982	93.3	89.04	8.88	18.46	16.22	228.8	58210800.MNS	NANO	2.019041805e+13	322.0
TCU125	23.9517	120.6905	218	3	24.05435	121.559166667	20.33	6.32	630.45	41.0	89.08	7.88	24.56	20.5	230.6	21810800.MNS	NANO	2.019041805e+13	263.0
TRB018	24.1367	120.6873	009	3	24.05435	121.559166667	20.33	6.32	0.0	0.0	89.1	4.96	7.14	8.98	49.0	00910800.CVA	CVA	2.0190418045e+13	276.0
TCU062	24.1133	120.6842	562	3	24.05435	121.559166667	20.33	6.32	451.0261	66.0	89.22	7.24	13.42	12.54	218.5	56210800.MNS	NANO	2.019041805e+13	274.0
TCU024	24.735	121.0882	359	4	24.05435	121.559166667	20.33	6.32	383.2152	39.0	89.32	9.04	25.4	27.64	120.0	D5910800.SMT	SMTA	2.01904180501e+13	328.0
TCU044	24.4017	120.7652	419	3	24.05435	121.559166667	20.33	6.32	508.3453	27.0	89.35	7.86	9.7	12.36	240.0	O1910800.SMT	SMTA	2.019041805e+13	296.0
MTN122	24.8533	121.437	402	3	24.05435	121.559166667	20.33	6.32	848.17	9.0	89.42	9.66	13.14	11.3	202.4	40210800.MNS	NANO	2.019041805e+13	352.0
TRB006	24.42	120.774	037	3	24.05435	121.559166667	20.33	6.32	0.0	0.0	89.48	8.22	10.38	10.38	66.0	03710800.CVA	CVA	2.019041805e+13	297.0
TCU082	24.145	120.6842	245	3	24.05435	121.559166667	20.33	6.32	469.3734	60.0	89.53	4.4	7.9	9.64	60.0	C4510800.SMT	SMTA	2.01904180501e+13	276.0
TCU128	24.4133	120.7697	183	3	24.05435	121.559166667	20.33	6.32	591.9495	21.0	89.55	6.96	10.96	8.28	120.0	B8310800.SMT	SMTA	2.01904180501e+13	296.0
TCU124	23.9133	120.6918	175	3	24.05435	121.559166667	20.33	6.32	242.0	122.4	89.61	10.1	14.08	18.58	240.0	L7510800.SMT	SMTA	2.019041805e+13	260.0
TAP124	24.8633	121.5533	574	3	24.05435	121.559166667	20.33	6.32	655.740832288	34.8246	89.64	11.18	14.1	18.54	200.3	57410800.MNS	NANO	2.019041805e+13	0.0
TCU054	24.16	120.6848	238	3	24.05435	121.559166667	20.33	6.32	436.9992	186.0	89.65	4.48	6.48	10.74	213.0	23810800.MNS	NANO	2.019041805e+13	278.0
TCU172	24.1433	120.6818	595	3	24.05435	121.559166667	20.33	6.32	0.0	0.0	89.74	4.42	9.88	10.32	206.8	59510800.MNS	NANO	2.019041805e+13	276.0
TCU103	24.3067	120.715	207	2	24.05435	121.559166667	20.33	6.32	488.6789	53.0	90.23	0.0	5.77	5.9	204.5	20710800.MNS	NANO	2.019041805e+13	288.0
TCU030	24.585	120.8852	123	3	24.05435	121.559166667	20.33	6.32	624.6746	110.0	90.28	7.84	12.42	12.62	219.3	12310800.MNS	NANO	2.019041805e+13	311.0
TCU166	23.875	120.6927	182	2	24.05435	121.559166667	20.33	6.32	480.386641663	85.9914	90.36	5.36	6.78	7.92	120.0	B8204100.SMT	SMTA	2.01904180501e+13	257.0
TCU129	23.875	120.6925	241	2	24.05435	121.559166667	20.33	6.32	506.4573	10.0	90.37	5.4	7.1	7.98	60.0	C4110800.SMT	SMTA	2.01904180501e+13	257.0
TCU021	24.7917	121.174	170	3	24.05435	121.559166667	20.33	6.32	446.4286	25.0	90.56	7.94	14.92	11.3	209.8	17010800.MNS	NANO	2.019041805e+13	334.0
TCU177	24.655	120.9548	449	3	24.05435	121.559166667	20.33	6.32	0.0	0.0	90.57	10.98	20.38	17.44	216.3	44910800.MNS	NANO	2.019041805e+13	317.0
TCU076	23.905	120.6835	222	3	24.05435	121.559166667	20.33	6.32	573.2302	26.0	90.59	5.6	9.9	11.92	210.7	22210800.MNS	NANO	2.019041805e+13	260.0
TCU161	24.8183	121.2435	349	3	24.05435	121.559166667	20.33	6.32	662.15	12.0	90.59	5.5	11.38	13.34	240.0	N4910800.SMT	SMTA	2.019041805e+13	339.0
TCU053	24.1917	120.6788	241	3	24.05435	121.559166667	20.33	6.32	452.1136	155.0	90.76	4.88	8.42	9.68	206.9	24110800.MNS	NANO	2.019041805e+13	280.0
ILA002	24.8417	121.8048	355	4	24.05435	121.559166667	20.33	6.32	220.6775	242.0	90.84	8.38	25.2	28.76	224.8	35510800.MNS	NANO	2.019041805e+13	16.0
TTN032	23.2433	121.4142	233	2	24.05435	121.559166667	20.33	6.32	736.105999264	48.0	90.88	2.42	4.56	4.46	240.0	M3310800.SMT	SMTA	2.019041805e+13	189.0
TCU159	23.9067	120.6803	352	3	24.05435	121.559166667	20.33	6.32	757.65	24.0	90.9	7.24	9.98	9.58	120.0	D5210800.SMT	SMTA	2.01904180501e+13	260.0
TCU032	24.5217	120.8225	528	3	24.05435	121.559166667	20.33	6.32	500.2501	48.0	90.97	11.2	16.62	16.1	236.8	52810800.MNS	NANO	2.019041805e+13	305.0
MND010	24.1783	120.6725	498	3	24.05435	121.559166667	20.33	6.32	0.0	0.0	91.19	4.12	7.42	8.44	50.0	T498001.108	A900	2.01904180501e+13	279.0
HWA041	23.2633	121.3027	329	3	24.05435	121.559166667	20.33	6.32	481.850305172	123.0	91.27	6.4	6.88	8.06	218.8	32910800.MNS	NANO	2.019041805e+13	197.0
TCU167	23.6633	120.7685	424	3	24.05435	121.559166667	20.33	6.32	363.85	67.0	91.37	5.64	21.58	21.08	300.0	O2410800.SMT	SMTA	2.019041805e+13	242.0
MTN142	24.7767	121.123	338	4	24.05435	121.559166667	20.33	6.32	0.0	0.0	91.45	12.54	24.24	32.88	246.8	33810800.MNS	NANO	2.019041805e+13	331.0
TCU133	24.1333	120.6593	139	3	24.05435	121.559166667	20.33	6.32	424.437839599	120.0	91.91	4.68	11.62	10.62	51.0	13924500.CVA	CVA	2.01904180501e+13	276.0
MTN111	24.8717	121.4053	080	3	24.05435	121.559166667	20.33	6.32	814.05	12.0	91.92	8.2	12.42	13.72	71.0	T080001.245	A900	2.01904180501e+13	350.0
TCU173	24.11	120.6565	489	3	24.05435	121.559166667	20.33	6.32	0.0	0.0	92.0	7.04	10.18	14.52	222.1	48910800.MNS	NANO	2.019041805e+13	274.0
TCU051	24.1583	120.6597	177	3	24.05435	121.559166667	20.33	6.32	420.106425624	73.0	92.18	3.38	10.5	7.24	212.4	17710800.MNS	NANO	2.019041805e+13	277.0
TCU187	24.6617	120.9248	382	3	24.05435	121.559166667	20.33	6.32	0.0	0.0	93.12	6.19	12.55	0.0	300.0	N8210800.SMT	SMTA	2.019041805e+13	316.0
TCU026	24.7733	121.0837	316	3	24.05435	121.559166667	20.33	6.32	606.4894	59.0	93.13	9.26	18.06	13.6	230.1	31610800.MNS	NANO	2.019041805e+13	329.0
TCU154	24.5817	120.8427	166	3	24.05435	121.559166667	20.33	6.32	467.199375665	55.0	93.27	8.78	12.92	10.66	300.0	L6610800.SMT	SMTA	2.019041805e+13	309.0
TCU194	23.48	120.887	350	3	24.05435	121.559166667	20.33	6.32	0.0	0.0	93.38	3.76	8.76	19.04	240.0	N5010800.SMT	SMTA	2.019041805e+13	227.0
TCU165	24.1267	120.6433	177	3	24.05435	121.559166667	20.33	6.32	435.831121844	57.0	93.46	5.6	9.96	12.04	240.0	L7710800.SMT	SMTA	2.019041805e+13	275.0
TCU131	24.565	120.8258	160	3	24.05435	121.559166667	20.33	6.32	491.4407	62.0	93.48	6.16	13.74	18.26	120.0	B6001200.SMT	SMTA	2.01904180501e+13	307.0
TCU042	24.5517	120.815	172	4	24.05435	121.559166667	20.33	6.32	573.5041	43.0	93.55	9.32	16.58	25.98	300.0	L7210800.SMT	SMTA	2.019041805e+13	306.0
ILA033	24.8617	121.8275	504	4	24.05435	121.559166667	20.33	6.32	253.5711	27.5	93.61	7.86	24.64	25.5	202.4	50410800.MNS	NANO	2.019041805e+13	17.0
TCU094	24.7667	121.0582	187	3	24.05435	121.559166667	20.33	6.32	581.4517	119.0	93.87	7.32	11.04	10.38	222.4	18710800.MNS	NANO	2.019041805e+13	327.0
TCU132	24.5733	120.8278	351	3	24.05435	121.559166667	20.33	6.32	463.02262939	78.0	93.9	8.76	19.8	24.92	300.0	N5110800.SMT	SMTA	2.019041805e+13	308.0
TAP036	24.9017	121.5535	381	3	24.05435	121.559166667	20.33	6.32	535.123286823	64.0126	93.93	8.44	9.42	12.44	240.0	N8110800.SMT	SMTA	2.019041805e+13	0.0
TRB004	24.57	120.8223	004	3	24.05435	121.559166667	20.33	6.32	0.0	0.0	94.13	9.44	21.46	24.14	82.0	00410800.DBL	CVA	2.01904180353e+13	307.0
TCU147	24.8567	121.2553	344	3	24.05435	121.559166667	20.33	6.32	538.1166	83.0	94.14	11.06	16.42	22.7	300.0	N4410800.SMT	SMTA	2.019041805e+13	341.0
TCU060	24.2217	120.6503	498	3	24.05435	121.559166667	20.33	6.32	605.2048	61.0	94.21	3.96	8.3	9.78	200.2	49810800.MNS	NANO	2.019041805e+13	281.0
TCU136	24.2567	120.6587	521	2	24.05435	121.559166667	20.33	6.32	458.0153	85.0	94.25	3.98	5.1	7.94	206.3	52110800.MNS	NANO	2.019041805e+13	284.0
TCU050	24.1783	120.6417	511	2	24.05435	121.559166667	20.33	6.32	539.3258	58.0	94.29	2.98	6.78	7.12	207.0	51110800.MNS	NANO	2.019041805e+13	278.0
TCU126	23.7633	120.6862	246	3	24.05435	121.559166667	20.33	6.32	469.078966227	24.0	94.54	4.7	10.6	10.58	204.7	24610800.MNS	NANO	2.019041805e+13	250.0
TCU200	24.5367	120.7908	412	4	24.05435	121.559166667	20.33	6.32	0.0	0.0	94.58	13.24	26.6	42.42	300.0	O1210800.SMT	SMTA	2.019041805e+13	304.0
TCU056	24.1567	120.6335	221	3	24.05435	121.559166667	20.33	6.32	401.1902	53.0	94.78	4.7	11.44	8.04	206.1	22110800.MNS	NANO	2.019041805e+13	277.0
TCU041	24.3883	120.6957	481	3	24.05435	121.559166667	20.33	6.32	448.580698479	86.0	95.25	8.66	16.0	12.56	229.0	48110800.MNS	NANO	2.019041805e+13	293.0
TCU063	24.1067	120.6237	581	3	24.05435	121.559166667	20.33	6.32	476.1527	157.0	95.3	5.3	12.0	12.86	227.8	58110800.MNS	NANO	2.019041805e+13	274.0
TCU034	24.6367	120.8653	566	4	24.05435	121.559166667	20.33	6.32	391.5682	36.0	95.58	12.02	17.94	26.12	240.7	56610800.MNS	NANO	2.019041805e+13	313.0
ILA069	24.8417	121.9437	673	3	24.05435	121.559166667	20.33	6.32	500.0	39.0	95.62	5.78	8.0	6.7	120.0	G7310800.SMT	SMTA	2.01904180501e+13	24.0
TRB016	24.59	120.8207	006	3	24.05435	121.559166667	20.33	6.32	0.0	0.0	95.66	10.68	13.66	9.82	71.0	00610800.CVA	CVA	2.019041813e+13	308.0
TCU120	23.9767	120.6213	320	3	24.05435	121.559166667	20.33	6.32	458.1552	58.8	95.78	8.64	24.36	22.8	218.7	32010800.MNS	NANO	2.019041805e+13	265.0
TCU011	24.8833	121.2865	164	4	24.05435	121.559166667	20.33	6.32	811.1397	16.0	95.98	12.34	31.04	16.78	222.1	16410800.MNS	NANO	2.019041805e+13	343.0
TCU100	24.1833	120.625	154	2	24.05435	121.559166667	20.33	6.32	500.817307993	60.0	96.03	3.31	6.67	6.76	240.0	L5410800.SMT	SMTA	2.019041805e+13	279.0
TAP035	24.9217	121.5463	105	4	24.05435	121.559166667	20.33	6.32	404.6945	52.0	96.15	10.02	30.94	32.16	212.3	10510800.MNS	NANO	2.019041805e+13	359.0
MND020	24.8783	121.265	058	3	24.05435	121.559166667	20.33	6.32	0.0	0.0	96.16	7.82	19.3	24.34	82.0	05810800.CVA	CVA	2.019041805e+13	342.0
TCU013	24.8633	121.2133	162	3	24.05435	121.559166667	20.33	6.32	462.349805528	91.0	96.22	14.08	18.74	0.0	223.6	16210800.MNS	NANO	2.019041805e+13	339.0
MND005	24.255	120.6338	489	2	24.05435	121.559166667	20.33	6.32	0.0	0.0	96.62	3.92	5.0	6.34	38.0	T489001.108	A900	2.01904180501e+13	283.0
MTN109	24.91	121.376	180	4	24.05435	121.559166667	20.33	6.32	517.099539324	70.4597	96.74	17.02	28.68	31.66	90.0	T180001.245	A900	2.01904180501e+13	349.0
TTN033	23.1917	121.3957	355	2	24.05435	121.559166667	20.33	6.32	660.211267606	18.0	96.97	2.98	5.04	4.56	240.0	N5510800.SMT	SMTA	2.019041805e+13	190.0
TCU036	24.4467	120.7048	184	3	24.05435	121.559166667	20.33	6.32	483.1307	66.0	97.03	8.96	11.98	11.62	300.0	L8410800.SMT	SMTA	2.019041805e+13	297.0
TCU135	24.3317	120.6533	475	2	24.05435	121.559166667	20.33	6.32	619.7707	18.0	97.07	5.02	6.48	6.66	219.8	47510800.MNS	NANO	2.019041805e+13	289.0
CHY074	23.5083	120.8133	672	3	24.05435	121.559166667	20.33	6.32	524.6131	60.0	97.13	3.32	8.1	7.3	120.0	G7210800.SMT	SMTA	2.01904180501e+13	231.0
HWA042	23.2183	121.2645	144	2	24.05435	121.559166667	20.33	6.32	547.989922186	74.0	97.19	2.44	4.3	4.44	195.9	14410800.MNS	NANO	2.019041805e+13	198.0
TCU017	24.7783	121.0182	325	3	24.05435	121.559166667	20.33	6.32	548.245614035	206.0	97.19	6.58	9.4	9.56	120.0	D2510800.SMT	SMTA	2.01904180501e+13	326.0
MND013	23.505	120.8127	052	3	24.05435	121.559166667	20.33	6.32	0.0	0.0	97.38	3.38	8.02	10.5	51.0	05210800.CVA	CVA	2.01904180501e+13	231.0
MTN123	24.9333	121.5475	393	4	24.05435	121.559166667	20.33	6.32	0.0	0.0	97.4	9.72	26.52	33.04	217.5	39310800.MNS	NANO	2.019041805e+13	359.0
TCU022	24.7667	120.9898	183	3	24.05435	121.559166667	20.33	6.32	436.6494	172.0	97.81	7.82	14.42	13.14	240.8	18310800.MNS	NANO	2.019041805e+13	324.0
TCU138	23.92	120.6028	479	3	24.05435	121.559166667	20.33	6.32	604.2296	134.7	98.43	4.82	16.76	15.4	214.6	47910800.MNS	NANO	2.019041805e+13	261.0
MTN110	24.9317	121.408	084	3	24.05435	121.559166667	20.33	6.32	0.0	0.0	98.49	10.6	22.24	24.44	90.0	T084001.108	A900	2.01904180501e+13	351.0
HWA070	23.1983	121.2938	505	3	24.05435	121.559166667	20.33	6.32	0.0	0.0	98.54	3.2	8.08	9.82	120.0	F0510800.SMT	SMTA	2.01904180501e+13	196.0
TCU029	24.5567	120.7575	572	3	24.05435	121.559166667	20.33	6.32	404.831	35.0	98.63	10.78	12.54	15.78	206.4	57210800.MNS	NANO	2.019041805e+13	304.0
TCU033	24.6833	120.8703	344	3	24.05435	121.559166667	20.33	6.32	420.5509	126.0	98.69	8.96	23.96	12.38	120.0	D4410800.SMT	SMTA	2.01904180501e+13	315.0
TCU104	24.2433	120.6092	555	2	24.05435	121.559166667	20.33	6.32	403.4698	104.0	98.81	4.14	5.44	7.58	211.4	55510800.MNS	NANO	2.019041805e+13	282.0
TCU205	24.3467	120.6403	380	3	24.05435	121.559166667	20.33	6.32	0.0	0.0	98.83	4.14	6.9	8.28	300.0	N8010800.SMT	SMTA	2.019041805e+13	289.0
TCU027	24.83	121.0745	368	3	24.05435	121.559166667	20.33	6.32	670.3911	20.0	98.99	8.28	10.34	9.38	223.0	36810800.MNS	NANO	2.019041805e+13	330.0
TCU035	24.6133	120.797	553	3	24.05435	121.559166667	20.33	6.32	378.1195	114.0	99.12	10.04	11.98	12.76	233.6	55310800.MNS	NANO	2.019041805e+13	309.0
TAP085	24.9383	121.7122	429	3	24.05435	121.559166667	20.33	6.32	895.1216	9.5	99.13	7.92	12.4	10.78	196.7	42910800.MNS	NANO	2.019041805e+13	9.0
TRB020	23.8117	120.6212	011	3	24.05435	121.559166667	20.33	6.32	0.0	0.0	99.19	5.72	8.08	7.94	51.0	01110800.CVA	CVA	2.01904180501e+13	254.0
TAP039	24.935	121.3695	136	3	24.05435	121.559166667	20.33	6.32	661.5944	72.0	99.42	9.0	15.04	19.32	225.3	13610800.MNS	NANO	2.019041805e+13	349.0
TCU015	24.755	120.9458	169	3	24.05435	121.559166667	20.33	6.32	430.6323	184.0	99.53	10.34	13.58	15.98	236.7	16910800.MNS	NANO	2.019041805e+13	321.0
TAP074	24.9517	121.6367	413	4	24.05435	121.559166667	20.33	6.32	984.52	10.0	99.85	15.48	27.64	19.24	300.0	O1310800.SMT	SMTA	2.019041805e+13	5.0
TRB023	24.3433	120.6272	008	3	24.05435	121.559166667	20.33	6.32	0.0	0.0	99.99	5.22	8.46	5.48	46.0	00810800.CVA	CVA	2.019041805e+13	289.0
TRB005	24.605	120.7782	003	4	24.05435	121.559166667	20.33	6.32	0.0	0.0	100.11	17.48	50.74	34.24	82.0	00310800.CVA	CVA	2.01904180459e+13	308.0
TAP053	24.9583	121.5247	379	4	24.05435	121.559166667	20.33	6.32	307.02	280.0	100.26	12.0	43.12	32.8	300.0	N7910800.SMT	SMTA	2.019041805e+13	358.0
TCU064	24.3433	120.6193	146	2	24.05435	121.559166667	20.33	6.32	646.97	62.0	100.74	4.64	7.7	6.94	300.0	L4610800.SMT	SMTA	2.019041805e+13	289.0
TCU098	24.7417	120.9072	340	3	24.05435	121.559166667	20.33	6.32	346.28611285	83.0	100.87	8.14	13.98	13.16	300.0	N4010800.SMT	SMTA	2.019041805e+13	319.0
TRB022	24.3	120.6002	002	2	24.05435	121.559166667	20.33	6.32	0.0	0.0	101.17	5.42	6.72	7.16	51.0	00210800.CVA	CVA	2.01904180453e+13	286.0
TCU116	23.855	120.5888	197	3	24.05435	121.559166667	20.33	6.32	463.2489	100.1	101.18	7.22	9.98	8.74	215.3	19710800.MNS	NANO	2.019041805e+13	257.0
TCU012	24.935	121.2987	514	4	24.05435	121.559166667	20.33	6.32	644.7453	141.0	101.18	10.58	32.66	25.92	236.0	51410800.MNS	NANO	2.019041805e+13	345.0
TCU037	24.4917	120.6837	130	3	24.05435	121.559166667	20.33	6.32	463.4636	248.0	101.24	7.4	13.34	8.88	226.9	13010800.MNS	NANO	2.019041805e+13	299.0
TCU096	24.7917	120.966	152	3	24.05435	121.559166667	20.33	6.32	456.8992	133.0	101.49	15.24	16.86	12.12	235.4	15210800.MNS	NANO	2.019041805e+13	324.0
CHY024	23.755	120.6157	111	3	24.05435	121.559166667	20.33	6.32	408.4967	5.0	101.61	5.74	10.22	9.04	211.1	11110800.MNS	NANO	2.019041805e+13	251.0
TCU040	24.4483	120.655	319	3	24.05435	121.559166667	20.33	6.32	336.191	78.0	101.68	7.56	20.5	15.1	300.0	N1910800.SMT	SMTA	2.019041805e+13	295.0
TAP047	24.9517	121.3445	109	3	24.05435	121.559166667	20.33	6.32	571.211	124.0	101.76	8.82	18.76	17.3	228.0	10910800.MNS	NANO	2.019041805e+13	348.0
TCU201	24.0783	120.5582	190	4	24.05435	121.559166667	20.33	6.32	0.0	0.0	101.83	9.26	18.76	26.68	300.0	L9010800.SMT	SMTA	2.019041805e+13	272.0
TRB003	24.8	120.9703	013	3	24.05435	121.559166667	20.33	6.32	0.0	0.0	101.97	6.68	11.68	6.56	82.0	01310800.CVA	CVA	2.0190418045e+13	324.0
TCU081	24.8283	121.0142	237	3	24.05435	121.559166667	20.33	6.32	427.1375	91.0	101.99	8.9	17.98	17.58	120.0	C3710800.SMT	SMTA	2.01904180501e+13	327.0
TCU038	24.49	120.6742	369	3	24.05435	121.559166667	20.33	6.32	306.01293825	242.0	102.05	6.64	21.78	12.24	120.0	D6910800.SMT	SMTA	2.01904180501e+13	298.0
TCU164	24.8267	121.011	228	3	24.05435	121.559166667	20.33	6.32	345.818377763	86.0	102.12	7.86	14.84	15.5	300.0	M2810800.SMT	SMTA	2.019041805e+13	327.0
MTN159	23.175	121.2498	015	2	24.05435	121.559166667	20.33	6.32	0.0	0.0	102.23	3.54	6.34	5.86	70.0	T015001.245	A900	2.01904180501e+13	198.0
TCU061	24.1333	120.5568	501	3	24.05435	121.559166667	20.33	6.32	365.2968	272.0	102.29	4.8	12.68	8.12	236.8	50110800.MNS	NANO	2.019041805e+13	275.0
TAP067	24.9767	121.5922	291	3	24.05435	121.559166667	20.33	6.32	814.9959	12.5	102.34	9.62	11.52	14.28	120.0	C9110800.SMT	SMTA	2.01904180501e+13	2.0
TAP033	24.9783	121.5382	315	4	24.05435	121.559166667	20.33	6.32	486.3419	235.0	102.4	13.96	48.08	33.02	217.8	31510800.MNS	NANO	2.019041805e+13	359.0
TCU090	23.645	120.6558	228	3	24.05435	121.559166667	20.33	6.32	550.863	26.0	102.52	4.04	8.26	7.34	205.9	22810800.MNS	NANO	2.019041805e+13	244.0
TCU123	24.015	120.5515	372	3	24.05435	121.559166667	20.33	6.32	288.922383778	123.0	102.58	8.72	13.1	11.54	250.9	37210800.MNS	NANO	2.019041805e+13	268.0
HWA004	23.1717	121.2483	359	3	24.05435	121.559166667	20.33	6.32	319.5909	51.0	102.67	4.5	7.74	8.48	240.0	N5910800.SMT	SMTA	2.019041805e+13	198.0
TCU105	24.2367	120.5678	318	3	24.05435	121.559166667	20.33	6.32	539.132	31.0	102.78	3.22	6.9	9.48	240.0	N1810800.SMT	SMTA	2.019041805e+13	281.0
TAP119	24.9833	121.5415	285	4	24.05435	121.559166667	20.33	6.32	354.318492468	95.0	102.91	9.56	32.04	27.7	300.0	C8510800.SMT	SMTA	2.019041805e+13	359.0
TCU107	24.0717	120.5468	176	3	24.05435	121.559166667	20.33	6.32	377.82759321	102.0	102.96	7.06	19.82	19.6	300.0	L7610800.SMT	SMTA	2.019041805e+13	271.0
TCU059	24.2667	120.5718	518	3	24.05435	121.559166667	20.33	6.32	232.1892	73.0	103.05	9.88	13.8	13.78	227.1	51810800.MNS	NANO	2.019041805e+13	283.0
CHY080	23.5967	120.6768	416	3	24.05435	121.559166667	20.33	6.32	499.1681	46.0	103.17	4.66	10.72	18.62	240.0	O1610800.SMT	SMTA	2.019041805e+13	241.0
TAP044	24.9733	121.4023	317	3	24.05435	121.559166667	20.33	6.32	472.9996	176.0	103.19	13.26	21.1	23.7	231.9	31710800.MNS	NANO	2.019041805e+13	351.0
TCU180	23.9917	120.5458	545	3	24.05435	121.559166667	20.33	6.32	0.0	0.0	103.31	5.6	13.38	11.62	249.7	54510800.MNS	NANO	2.019041805e+13	266.0
TCU006	24.9083	121.1493	122	3	24.05435	121.559166667	20.33	6.32	612.0575	19.0	103.43	10.28	22.38	20.5	228.4	12210800.MNS	NANO	2.019041805e+13	336.0
TCU016	24.8133	120.9657	447	3	24.05435	121.559166667	20.33	6.32	485.4762	69.0	103.49	6.1	13.48	12.84	240.3	44710800.MNS	NANO	2.019041805e+13	324.0
TCU097	24.7883	120.9273	212	3	24.05435	121.559166667	20.33	6.32	611.28	86.0	103.53	7.0	17.42	15.92	214.1	21210800.MNS	NANO	2.019041805e+13	322.0
TCU020	24.8383	121.0033	203	3	24.05435	121.559166667	20.33	6.32	488.9975	91.0	103.55	8.46	19.9	15.02	237.8	20310800.MNS	NANO	2.019041805e+13	327.0
TAP113	24.9817	121.6892	153	3	24.05435	121.559166667	20.33	6.32	612.8077	17.0	103.57	11.1	16.02	14.72	240.0	L5310800.SMT	SMTA	2.019041805e+13	7.0
TCU152	24.81	120.9577	171	3	24.05435	121.559166667	20.33	6.32	348.113525425	33.0	103.61	4.9	8.24	7.18	300.0	B7110800.SMT	SMTA	2.019041805e+13	324.0
TCU181	23.9533	120.5458	502	3	24.05435	121.559166667	20.33	6.32	0.0	0.0	103.7	11.08	16.38	12.26	242.2	50210800.MNS	NANO	2.019041805e+13	264.0
TRB019	24.0817	120.539	007	3	24.05435	121.559166667	20.33	6.32	0.0	0.0	103.78	6.42	13.9	18.24	68.0	00710800.CVA	CVA	2.01904180501e+13	272.0
TCU171	24.345	120.5878	496	3	24.05435	121.559166667	20.33	6.32	0.0	0.0	103.79	3.84	12.84	12.7	221.3	49610800.MNS	NANO	2.019041805e+13	288.0
TCU070	24.195	120.5475	470	3	24.05435	121.559166667	20.33	6.32	396.4845	59.0	104.02	5.72	19.2	17.88	230.0	47010800.MNS	NANO	2.019041805e+13	279.0
TCU158	24.0633	120.536	332	3	24.05435	121.559166667	20.33	6.32	330.280305644	177.0	104.05	11.26	14.48	15.3	300.0	N3210800.SMT	SMTA	2.019041805e+13	271.0
TAP115	24.9883	121.465	194	4	24.05435	121.559166667	20.33	6.32	462.091441785	44.0	104.06	19.26	62.08	45.14	226.4	19410800.MNS	NANO	2.019041805e+13	355.0
TAP072	24.99	121.6587	223	3	24.05435	121.559166667	20.33	6.32	835.24	8.0	104.2	8.72	19.92	14.28	211.4	22310800.MNS	NANO	2.019041805e+13	6.0
TCU018	24.8783	121.0608	145	4	24.05435	121.559166667	20.33	6.32	619.9	92.0	104.35	9.0	27.94	19.24	240.2	14510800.MNS	NANO	2.019041805e+13	331.0
TRB021	24.0683	120.5323	041	3	24.05435	121.559166667	20.33	6.32	0.0	0.0	104.43	7.9	17.46	16.46	87.0	04110801.CVA	CVA	2.01904180502e+13	271.0
TCU108	24.0833	120.5325	366	3	24.05435	121.559166667	20.33	6.32	256.608821098	99.0	104.45	6.28	12.14	14.52	237.0	36610800.MNS	NANO	2.019041805e+13	272.0
TAP030	24.9967	121.5387	336	4	24.05435	121.559166667	20.33	6.32	358.299851045	115.0	104.53	13.92	52.7	30.62	300.0	N3610800.SMT	SMTA	2.019041805e+13	359.0
TAP043	24.9883	121.418	148	4	24.05435	121.559166667	20.33	6.32	382.6301	183.0	104.58	11.0	27.72	32.64	224.6	14810800.MNS	NANO	2.019041805e+13	352.0
MTN152	25.0	121.5683	088	4	24.05435	121.559166667	20.33	6.32	0.0	0.0	104.77	14.0	37.46	29.58	90.0	T088001.245	A900	2.01904180501e+13	1.0
TAP027	24.9983	121.502	347	4	24.05435	121.559166667	20.33	6.32	195.6507	99.0	104.85	20.9	45.28	50.86	229.1	34710800.MNS	NANO	2.019041805e+13	357.0
TAP101	25.0	121.5847	459	4	24.05435	121.559166667	20.33	6.32	427.857668648	126.0	104.87	12.26	31.04	21.14	240.0	O5910800.SMT	SMTA	2.019041805e+13	1.0
TAP032	24.9983	121.4828	124	4	24.05435	121.559166667	20.33	6.32	314.8615	163.6	104.99	30.66	68.86	59.38	240.2	12410800.MNS	NANO	2.019041805e+13	356.0
TAP071	25.0017	121.6167	220	4	24.05435	121.559166667	20.33	6.32	831.3704	35.4	105.09	17.18	38.54	34.5	215.4	22010800.MNS	NANO	2.019041805e+13	3.0
TAP054	24.9967	121.4418	210	4	24.05435	121.559166667	20.33	6.32	309.7414	195.0	105.14	19.36	25.28	34.96	120.0	C1010800.SMT	SMTA	2.01904180501e+13	354.0
TAP127	24.9717	121.8255	328	3	24.05435	121.559166667	20.33	6.32	0.0	0.0	105.15	3.84	7.38	9.78	240.0	D2810800.SMT	SMTA	2.019041805e+13	15.0
TRB013	24.9983	121.429	021	4	24.05435	121.559166667	20.33	6.32	0.0	0.0	105.48	22.16	39.84	45.0	88.0	02110800.CVA	CVA	2.01904180501e+13	353.0
TAP029	25.0067	121.5353	198	4	24.05435	121.559166667	20.33	6.32	310.233638625	124.0	105.55	20.3	32.68	44.44	218.5	19810800.MNS	NANO	2.019041805e+13	359.0
CHY083	23.7217	120.5858	200	3	24.05435	121.559166667	20.33	6.32	374.0182	392.8	105.72	6.02	15.9	15.74	120.0	C0010800.SMT	SMTA	2.01904180501e+13	250.0
TCU175	24.9517	121.2045	459	3	24.05435	121.559166667	20.33	6.32	0.0	0.0	105.83	8.64	23.84	24.96	243.0	45910800.MNS	NANO	2.019041805e+13	340.0
TCU009	24.9617	121.2283	333	3	24.05435	121.559166667	20.33	6.32	465.9832	112.0	106.05	7.3	15.68	15.6	247.6	19310800.MNS	NANO	2.019041805e+13	342.0
TAP117	25.0133	121.5395	333	4	24.05435	121.559166667	20.33	6.32	408.230465756	146.0	106.33	17.32	56.0	46.9	120.0	D3310800.SMT	SMTA	2.01904180501e+13	359.0
TAP073	25.0067	121.6885	326	3	24.05435	121.559166667	20.33	6.32	659.15	22.0	106.39	13.28	23.7	23.62	240.0	N2610800.SMT	SMTA	2.019041805e+13	7.0
TCU182	23.8917	120.5273	565	3	24.05435	121.559166667	20.33	6.32	0.0	0.0	106.52	6.58	9.0	9.98	235.9	56510800.MNS	NANO	2.019041805e+13	260.0
TTN061	23.1483	121.2062	437	3	24.05435	121.559166667	20.33	6.32	0.0	0.0	106.56	3.42	8.42	7.76	240.0	O3710800.SMT	SMTA	2.019041805e+13	200.0
MTN116	25.0017	121.7472	407	4	24.05435	121.559166667	20.33	6.32	821.6	19.0	106.64	10.16	29.74	18.92	212.9	40710800.MNS	NANO	2.019041805e+13	10.0
MTN158	23.2483	120.9862	427	3	24.05435	121.559166667	20.33	6.32	0.0	0.0	106.7	7.3	13.52	13.64	212.3	42710800.MNS	NANO	2.019041805e+13	213.0
TCU091	24.98	121.27	192	3	24.05435	121.559166667	20.33	6.32	625.61	72.0	106.74	7.54	19.16	24.58	240.1	19210800.MNS	NANO	2.019041805e+13	344.0
CHY028	23.63	120.6157	293	3	24.05435	121.559166667	20.33	6.32	546.906333175	39.0	106.94	4.94	9.84	8.28	120.0	C9310800.SMT	SMTA	2.01904180501e+13	244.0
TAP031	25.02	121.549	983	4	24.05435	121.559166667	20.33	6.32	222.0002	167.4	106.98	17.3	50.42	52.18	78.0	98324500.EVT	ETNA	2.01904180501e+13	359.0
TAP024	25.0183	121.4747	231	4	24.05435	121.559166667	20.33	6.32	187.8405	435.7438	107.21	20.2	32.84	54.18	244.8	23110800.MNS	NANO	2.019041805e+13	355.0
TCU179	24.0333	120.504	462	3	24.05435	121.559166667	20.33	6.32	0.0	0.0	107.34	7.78	13.02	17.54	257.3	46210800.MNS	NANO	2.019041805e+13	269.0
TCU093	24.85	120.9552	135	3	24.05435	121.559166667	20.33	6.32	233.597745426	160.0	107.36	5.98	16.4	13.28	240.2	13510800.MNS	NANO	2.019041805e+13	325.0
TAP025	25.0217	121.498	278	4	24.05435	121.559166667	20.33	6.32	250.1775	314.0	107.45	15.84	31.7	37.72	120.0	C7810800.SMT	SMTA	2.01904180501e+13	357.0
TCU007	24.9983	121.318	113	4	24.05435	121.559166667	20.33	6.32	427.474359186	154.0	107.48	10.42	35.38	31.68	227.6	11310800.MNS	NANO	2.019041805e+13	347.0
TCU162	23.8767	120.5205	117	3	24.05435	121.559166667	20.33	6.32	284.899390837	235.0	107.51	6.54	9.64	11.16	234.6	11710800.MNS	NANO	2.019041805e+13	259.0
TTN014	23.0967	121.3732	246	2	24.05435	121.559166667	20.33	6.32	539.6169	63.3	107.62	2.76	6.94	5.46	60.0	C4610800.SMT	SMTA	2.01904180501e+13	190.0
TCU149	24.255	120.5232	238	3	24.05435	121.559166667	20.33	6.32	250.531347619	120.0	107.63	7.32	9.2	10.44	120.0	C3810800.SMT	SMTA	2.01904180501e+13	282.0
TCU083	24.9667	121.1943	247	4	24.05435	121.559166667	20.33	6.32	370.7136	87.0	107.67	7.18	28.44	17.38	120.0	C4710800.SMT	SMTA	2.01904180501e+13	340.0
TCU163	24.9983	121.2977	185	3	24.05435	121.559166667	20.33	6.32	641.5	91.0	108.03	8.64	21.4	24.18	180.0	B8510800.SMT	SMTA	2.019041805e+13	346.0
TRB027	23.7167	120.5637	036	3	24.05435	121.559166667	20.33	6.32	0.0	0.0	108.04	6.62	10.34	14.26	72.0	03610800.CVA	CVA	2.01904180502e+13	250.0
ILA054	24.97	121.9258	301	2	24.05435	121.559166667	20.33	6.32	783.09	9.5	108.05	3.58	6.72	7.5	120.0	D0110800.SMT	SMTA	2.01904180501e+13	20.0
TAP038	25.0217	121.4187	146	5	24.05435	121.559166667	20.33	6.32	209.0301	480.0	108.16	20.94	57.76	81.72	252.0	14610800.MNS	NANO	2.019041805e+13	352.0
TCU111	24.1117	120.4948	304	3	24.05435	121.559166667	20.33	6.32	233.4721	170.0	108.4	9.46	12.16	15.8	252.2	30410800.MNS	NANO	2.019041805e+13	273.0
TAP100	25.0333	121.5202	384	4	24.05435	121.559166667	20.33	6.32	236.605784881	138.0	108.56	14.42	37.58	50.18	227.1	38410800.MNS	NANO	2.019041805e+13	358.0
TTN020	23.125	121.2147	422	2	24.05435	121.559166667	20.33	6.32	514.4474	100.0	108.67	1.74	3.68	3.4	185.3	42210800.MNS	NANO	2.019041805e+13	199.0
TAP021	25.035	121.552	423	4	24.05435	121.559166667	20.33	6.32	165.3076	306.0	108.68	21.36	74.24	62.78	300.0	O2310800.SMT	SMTA	2.019041805e+13	0.0
CHY101	23.6833	120.5703	201	3	24.05435	121.559166667	20.33	6.32	252.3659	149.0	108.72	4.32	10.06	10.9	120.0	C0110800.SMT	SMTA	2.01904180501e+13	248.0
TAP020	25.0367	121.5343	284	4	24.05435	121.559166667	20.33	6.32	224.1817	471.0	108.95	17.78	54.16	40.54	120.0	C8410800.SMT	SMTA	2.01904180501e+13	359.0
TAP019	25.0367	121.496	578	4	24.05435	121.559166667	20.33	6.32	225.2252	401.0	108.99	8.72	42.78	41.42	80.0	F7824500.EVT	ETNA	2.01904180501e+13	357.0
TAP001	25.0367	121.5138	421	4	24.05435	121.559166667	20.33	6.32	177.424860798	555.0	109.01	8.86	30.44	24.0	241.8	42110800.MNS	NANO	2.019041805e+13	358.0
TCU146	24.16	120.4913	535	3	24.05435	121.559166667	20.33	6.32	224.976211949	259.0	109.19	4.4	11.84	11.34	243.2	53510800.MNS	NANO	2.019041805e+13	276.0
TAP037	25.0333	121.4415	340	4	24.05435	121.559166667	20.33	6.32	219.8773	205.0	109.2	16.84	39.2	49.78	228.4	34010800.MNS	NANO	2.019041805e+13	354.0
MTN121	25.0367	121.6412	165	3	24.05435	121.559166667	20.33	6.32	0.0	0.0	109.25	7.14	22.78	14.6	84.0	T165001.245	A900	2.01904180501e+13	4.0
TAP109	25.04	121.5692	365	4	24.05435	121.559166667	20.33	6.32	406.186470469	212.0	109.27	19.86	34.06	45.28	120.0	D6510800.SMT	SMTA	2.01904180501e+13	1.0
TAP075	25.0267	121.7365	450	3	24.05435	121.559166667	20.33	6.32	851.06	30.0	109.3	9.84	22.82	15.54	217.8	45010800.MNS	NANO	2.019041805e+13	9.0
TCU092	25.01	121.2868	306	4	24.05435	121.559166667	20.33	6.32	644.2	79.0	109.43	7.32	36.6	23.12	237.6	30610800.MNS	NANO	2.019041805e+13	345.0
CHY025	23.7767	120.5228	211	3	24.05435	121.559166667	20.33	6.32	276.4977	299.8	109.87	7.68	16.66	13.44	227.5	21110800.MNS	NANO	2.019041805e+13	254.0
MND015	25.045	121.5912	057	4	24.05435	121.559166667	20.33	6.32	0.0	0.0	109.92	15.28	43.36	32.6	69.0	05724500.CVA	CVA	2.01904180501e+13	2.0
TRB001	25.0467	121.517	032	4	24.05435	121.559166667	20.33	6.32	0.0	0.0	110.11	9.84	22.1	25.1	78.0	03210800.CVA	CVA	2.01904180449e+13	358.0
TCU019	24.9	120.9873	134	3	24.05435	121.559166667	20.33	6.32	505.9875	196.0	110.21	6.84	20.46	22.72	231.7	13410800.MNS	NANO	2.019041805e+13	328.0
TAP015	25.05	121.5795	115	4	24.05435	121.559166667	20.33	6.32	208.0805	198.0	110.36	23.9	32.04	54.62	218.8	11510800.MNS	NANO	2.019041805e+13	1.0
TRB026	23.7117	120.541	039	3	24.05435	121.559166667	20.33	6.32	0.0	0.0	110.39	6.06	9.22	12.58	62.0	03910800.CVA	CVA	2.01904180458e+13	250.0
TTN051	23.1867	121.025	500	3	24.05435	121.559166667	20.33	6.32	902.74	11.0	110.44	4.8	8.22	7.08	120.0	F0010800.SMT	SMTA	2.01904180501e+13	210.0
CHY003	23.7133	120.5385	353	3	24.05435	121.559166667	20.33	6.32	183.187954003	117.0	110.53	5.16	10.04	11.2	120.0	D5310800.SMT	SMTA	2.01904180501e+13	250.0
TRB012	25.0517	121.6072	035	4	24.05435	121.559166667	20.33	6.32	0.0	0.0	110.7	0.0	35.22	34.91	90.0	03510800.CVA	CVA	2.01904180457e+13	3.0
TAP012	25.0533	121.5168	292	4	24.05435	121.559166667	20.33	6.32	207.3687	360.0	110.83	10.1	37.44	33.6	300.0	M9210800.SMT	SMTA	2.019041805e+13	358.0
TAP014	25.055	121.5522	343	4	24.05435	121.559166667	20.33	6.32	192.1414	311.0	111.01	14.0	35.68	39.98	180.0	D4310800.SMT	SMTA	2.019041805e+13	0.0
TAP013	25.055	121.5337	287	4	24.05435	121.559166667	20.33	6.32	207.929	242.0	111.03	13.0	39.34	26.68	120.0	C8710800.SMT	SMTA	2.01904180501e+13	359.0
CHY103	23.6983	120.539	360	3	24.05435	121.559166667	20.33	6.32	223.6583	280.0	111.07	8.34	13.1	14.16	120.0	D6010800.SMT	SMTA	2.01904180501e+13	249.0
TCU008	25.0067	121.2145	179	4	24.05435	121.559166667	20.33	6.32	468.182283337	70.0	111.13	8.28	38.98	21.1	240.0	17910800.MNS	NANO	2.019041805e+13	342.0
TAP011	25.055	121.4967	989	4	24.05435	121.559166667	20.33	6.32	211.0818	382.0	111.18	14.42	31.9	31.06	79.0	98924500.EVT	ETNA	2.01904180501e+13	357.0
TCU117	24.1317	120.4683	143	3	24.05435	121.559166667	20.33	6.32	207.168	428.0	111.24	5.76	18.14	13.74	248.1	14310800.MNS	NANO	2.019041805e+13	274.0
TTN041	23.1317	121.1252	363	3	24.05435	121.559166667	20.33	6.32	431.5926	35.0	111.29	8.92	11.58	11.14	240.0	N6310800.SMT	SMTA	2.019041805e+13	203.0
MTN106	25.0283	121.8322	017	3	24.05435	121.559166667	20.33	6.32	826.77	37.3	111.46	8.42	22.94	16.08	86.0	T017001.245	A900	2.01904180501e+13	14.0
CHY150	23.6883	120.5382	192	3	24.05435	121.559166667	20.33	6.32	0.0	0.0	111.58	5.66	12.16	13.94	300.0	L9210800.SMT	SMTA	2.019041805e+13	249.0
TCU176	25.0233	121.2583	466	4	24.05435	121.559166667	20.33	6.32	0.0	0.0	111.73	8.02	35.52	26.08	242.5	46610800.MNS	NANO	2.019041805e+13	344.0
TTN022	23.095	121.2192	526	2	24.05435	121.559166667	20.33	6.32	503.217377748	33.0	111.75	3.28	5.0	5.42	120.0	F2610800.SMT	SMTA	2.01904180501e+13	198.0
CHY126	23.6983	120.5305	457	3	24.05435	121.559166667	20.33	6.32	332.46447158	182.0	111.91	6.96	11.38	13.98	300.0	O5710800.SMT	SMTA	2.019041805e+13	249.0
TAP010	25.065	121.4778	234	4	24.05435	121.559166667	20.33	6.32	217.5332	510.0	112.27	9.44	33.4	30.12	250.5	23410800.MNS	NANO	2.019041805e+13	356.0
TCU010	25.0	121.162	188	4	24.05435	121.559166667	20.33	6.32	466.894020297	112.0	112.31	5.42	43.84	28.06	300.0	L8810800.SMT	SMTA	2.019041805e+13	339.0
TAP016	25.06	121.4312	235	4	24.05435	121.559166667	20.33	6.32	326.64	643.0	112.31	21.4	58.74	42.82	251.0	23510800.MNS	NANO	2.019041805e+13	353.0
TRB010	25.0267	121.8732	015	3	24.05435	121.559166667	20.33	6.32	0.0	0.0	112.42	4.78	8.08	12.06	55.0	01510800.CVA	CVA	2.01904180502e+13	16.0
TCU014	25.0433	121.3153	107	4	24.05435	121.559166667	20.33	6.32	523.2406	19.0	112.46	18.36	41.14	34.86	242.6	10710800.MNS	NANO	2.019041805e+13	347.0
TTN021	23.1017	121.176	131	2	24.05435	121.559166667	20.33	6.32	673.86	13.0	112.49	3.68	5.04	4.26	196.2	13110800.MNS	NANO	2.019041805e+13	200.0
TAP125	25.0667	121.6548	175	4	24.05435	121.559166667	20.33	6.32	413.847671715	124.769	112.68	16.02	37.96	47.96	219.1	17510800.MNS	NANO	2.019041805e+13	5.0
TAP078	25.0333	121.8667	249	3	24.05435	121.559166667	20.33	6.32	738.9	21.0	112.84	4.76	10.18	10.08	195.7	24910800.MNS	NANO	2.019041805e+13	16.0
TAP007	25.0733	121.5168	138	4	24.05435	121.559166667	20.33	6.32	204.3179	231.0	112.97	13.64	29.04	33.88	91.0	13824500.CVA	CVA	2.01904180501e+13	358.0
TAP008	25.0733	121.536	238	4	24.05435	121.559166667	20.33	6.32	191.5649	330.0	112.97	14.02	46.62	33.36	89.0	23824500.EVT	K2	2.01904180501e+13	359.0
TAP079	25.0217	121.9147	294	3	24.05435	121.559166667	20.33	6.32	584.67	16.0	113.05	4.34	9.2	7.08	240.0	M9410800.SMT	SMTA	2.019041805e+13	19.0
CHY092	23.7883	120.4862	125	3	24.05435	121.559166667	20.33	6.32	252.2068	301.5	113.12	7.9	9.04	8.8	234.5	12510800.MNS	NANO	2.019041805e+13	255.0
TCU121	23.8933	120.459	344	3	24.05435	121.559166667	20.33	6.32	232.423	329.4	113.34	8.2	14.72	13.2	245.4	34410800.MNS	NANO	2.019041805e+13	261.0
TCU144	24.0833	120.4442	449	3	24.05435	121.559166667	20.33	6.32	218.5339923	351.0	113.43	5.14	14.12	12.58	300.0	O4910800.SMT	SMTA	2.019041805e+13	272.0
TCU141	23.8317	120.4712	596	3	24.05435	121.559166667	20.33	6.32	221.2226	270.9	113.45	9.68	12.48	9.9	243.6	59610800.MNS	NANO	2.019041805e+13	257.0
TAP009	25.0783	121.581	136	4	24.05435	121.559166667	20.33	6.32	187.5938	94.0	113.55	37.5	53.8	50.62	120.0	B3610800.SMT	SMTA	2.01904180501e+13	1.0
TAP080	25.0167	121.9488	229	3	24.05435	121.559166667	20.33	6.32	401.7678	25.5	113.7	9.32	18.5	17.28	208.3	22910800.MNS	NANO	2.019041805e+13	20.0
MND003	25.0817	121.5377	482	3	24.05435	121.559166667	20.33	6.32	0.0	0.0	113.9	7.66	14.5	15.9	45.0	T482001.108	A900	2.01904180501e+13	359.0
TAP093	25.0833	121.566	582	4	24.05435	121.559166667	20.33	6.32	193.5796	172.0	114.07	19.0	48.02	61.98	91.0	F8210800.EVT	ETNA	2.01904180456e+13	0.0
TAP057	25.08	121.6942	330	4	24.05435	121.559166667	20.33	6.32	366.57	88.0	114.43	12.72	48.36	43.86	222.1	33010800.MNS	NANO	2.019041805e+13	7.0
TAP069	25.0067	121.9972	150	2	24.05435	121.559166667	20.33	6.32	804.56	29.0	114.46	3.06	5.76	7.66	120.0	L5010800.SMT	SMTA	2.01904180501e+13	23.0
MTN120	25.0817	121.436	173	5	24.05435	121.559166667	20.33	6.32	0.0	0.0	114.53	28.14	111.74	93.92	90.0	T173001.108	A900	2.01904180501e+13	354.0
CHY006	23.5783	120.5602	540	3	24.05435	121.559166667	20.33	6.32	422.684	54.3	114.56	7.48	9.24	10.66	221.1	54010800.MNS	NANO	2.019041805e+13	243.0
TAP003	25.085	121.4572	217	5	24.05435	121.559166667	20.33	6.32	209.3656	626.0	114.74	15.22	88.4	47.72	184.0	21710800.MNS	NANO	2.019041805e+13	355.0
TCU112	24.055	120.4303	189	3	24.05435	121.559166667	20.33	6.32	191.2655	466.9	114.8	6.22	11.3	13.26	256.9	18910800.MNS	NANO	2.019041805e+13	270.0
TCU118	24.0	120.4315	319	3	24.05435	121.559166667	20.33	6.32	228.554	170.0	114.86	14.5	13.28	19.4	254.1	31910800.MNS	NANO	2.019041805e+13	267.0
TAP103	25.07	121.7813	235	4	24.05435	121.559166667	20.33	6.32	444.9388	89.0	114.89	11.04	35.98	48.9	120.0	C3510800.SMT	SMTA	2.01904180501e+13	11.0
TAP052	25.08	121.3897	186	4	24.05435	121.559166667	20.33	6.32	434.4049	68.0	114.9	16.04	60.58	39.74	219.8	18610800.MNS	NANO	2.019041805e+13	351.0
CHY029	23.6117	120.5373	181	2	24.05435	121.559166667	20.33	6.32	541.6629	127.0	115.02	4.82	7.78	6.92	213.8	18110800.MNS	NANO	2.019041805e+13	245.0
CHY035	23.5183	120.5917	350	3	24.05435	121.559166667	20.33	6.32	554.221319047	166.9	115.07	6.14	15.54	12.16	216.6	35010800.MNS	NANO	2.019041805e+13	239.0
TAP006	25.0933	121.5152	305	4	24.05435	121.559166667	20.33	6.32	198.3733	182.0	115.24	11.26	31.94	19.92	120.0	D0510800.SMT	SMTA	2.01904180501e+13	358.0
TAP077	25.0617	121.8512	235	3	24.05435	121.559166667	20.33	6.32	992.3917	5.5	115.52	8.3	9.78	9.66	240.0	M3510800.SMT	SMTA	2.019041805e+13	15.0
TAP098	25.1	121.5477	197	4	24.05435	121.559166667	20.33	6.32	525.775136788	53.0	115.88	11.38	33.66	37.06	240.0	L9710800.SMT	SMTA	2.019041805e+13	359.0
TTN057	23.025	121.3303	526	2	24.05435	121.559166667	20.33	6.32	0.0	0.0	116.28	2.44	6.5	6.92	199.0	52610800.MNS	NANO	2.019041805e+13	192.0
TAP051	25.0983	121.4492	486	4	24.05435	121.559166667	20.33	6.32	401.8216	155.0	116.32	12.68	77.9	48.84	235.3	48610800.MNS	NANO	2.019041805e+13	355.0
TRB011	25.095	121.7157	017	4	24.05435	121.559166667	20.33	6.32	0.0	0.0	116.35	9.06	31.32	31.16	62.0	01710800.CVA	CVA	2.019041805e+13	8.0
MND009	25.0933	121.3882	493	4	24.05435	121.559166667	20.33	6.32	0.0	0.0	116.4	14.8	68.12	31.12	69.0	T493001.108	A900	2.019041805e+13	351.0
MTN156	23.2517	120.8197	425	2	24.05435	121.559166667	20.33	6.32	0.0	0.0	116.52	5.62	7.56	6.66	203.6	42510800.MNS	NANO	2.019041805e+13	220.0
TCU178	24.0267	120.4123	594	3	24.05435	121.559166667	20.33	6.32	0.0	0.0	116.68	7.08	12.9	10.96	181.2	59410800.MNS	NANO	2.019041805e+13	269.0
TAP087	25.1	121.4233	191	4	24.05435	121.559166667	20.33	6.32	510.681264051	72.9308	116.8	18.06	40.54	26.0	120.0	B9110800.SMT	SMTA	2.01904180501e+13	353.0
TCU004	25.06	121.203	158	4	24.05435	121.559166667	20.33	6.32	518.806744488	184.0	117.09	6.54	44.6	29.34	242.4	15810800.MNS	NANO	2.019041805e+13	342.0
CHY084	23.7267	120.464	302	3	24.05435	121.559166667	20.33	6.32	259.0674	157.0	117.27	7.22	11.4	8.58	233.4	30210800.MNS	NANO	2.019041805e+13	252.0
TCU168	25.0067	121.0475	133	4	24.05435	121.559166667	20.33	6.32	476.230363623	87.9792	117.55	4.56	26.34	34.6	244.1	13310800.MNS	NANO	2.019041805e+13	334.0
TCU003	25.045	121.1432	112	4	24.05435	121.559166667	20.33	6.32	507.228	175.0	117.61	7.74	41.68	33.1	244.6	11210800.MNS	NANO	2.019041805e+13	339.0
TAP063	25.105	121.7382	382	3	24.05435	121.559166667	20.33	6.32	631.78	12.0	117.83	7.74	20.54	17.76	211.9	38210800.MNS	NANO	2.019041805e+13	9.0
TCU183	23.875	120.4165	546	3	24.05435	121.559166667	20.33	6.32	0.0	0.0	117.95	8.34	10.08	10.8	246.4	54610800.MNS	NANO	2.019041805e+13	260.0
TAP096	25.1183	121.5048	301	4	24.05435	121.559166667	20.33	6.32	161.0393	145.0	118.0	10.26	22.86	26.62	300.0	N0110800.SMT	SMTA	2.019041805e+13	357.0
TAP046	25.1017	121.7772	224	3	24.05435	121.559166667	20.33	6.32	822.03	10.5	118.18	7.22	19.02	18.36	212.9	22410800.MNS	NANO	2.019041805e+13	11.0
TTN023	23.05	121.1638	419	2	24.05435	121.559166667	20.33	6.32	542.2013	22.0	118.2	2.28	5.2	4.9	199.7	41910800.MNS	NANO	2.019041805e+13	200.0
TCU160	25.0783	121.2352	232	4	24.05435	121.559166667	20.33	6.32	455.72995931	90.0	118.22	5.6	35.32	26.64	300.0	M3210800.SMT	SMTA	2.019041805e+13	344.0
CHY034	23.52	120.5525	324	3	24.05435	121.559166667	20.33	6.32	383.1418	225.0	118.39	7.14	17.06	11.52	300.0	N2410800.SMT	SMTA	2.019041805e+13	240.0
CHY041	23.4383	120.6047	237	3	24.05435	121.559166667	20.33	6.32	488.1224	20.0	118.82	4.44	11.12	9.68	240.0	M3710800.SMT	SMTA	2.019041805e+13	235.0
TCU002	25.035	121.0832	323	4	24.05435	121.559166667	20.33	6.32	502.1341	196.0	118.88	4.78	29.0	21.16	255.3	32310800.MNS	NANO	2.019041805e+13	336.0
TAP042	25.125	121.464	375	4	24.05435	121.559166667	20.33	6.32	509.652968532	271.0	119.04	14.62	38.08	40.72	240.0	37510800.MNS	NANO	2.019041805e+13	355.0
TAP002	25.125	121.4668	431	4	24.05435	121.559166667	20.33	6.32	373.9483	563.0	119.05	17.72	63.52	54.92	300.0	O3110800.SMT	SMTA	2.019041805e+13	355.0
TRB009	25.1083	121.8058	012	3	24.05435	121.559166667	20.33	6.32	0.0	0.0	119.44	6.62	15.12	17.52	56.0	01210800.CVA	CVA	2.01904180501e+13	12.0
CHY026	23.795	120.4195	142	3	24.05435	121.559166667	20.33	6.32	220.6369	295.5	119.48	8.26	9.46	8.68	252.4	14210800.MNS	NANO	2.019041805e+13	256.0
TCU192	25.04	121.0805	320	4	24.05435	121.559166667	20.33	6.32	0.0	0.0	119.56	4.98	28.24	18.56	300.0	N2010800.SMT	SMTA	2.019041805e+13	336.0
TCU113	23.89	120.3953	139	3	24.05435	121.559166667	20.33	6.32	231.0892	437.8	119.8	8.8	14.2	13.48	262.4	13910800.MNS	NANO	2.019041805e+13	261.0
TAP045	25.1083	121.823	150	3	24.05435	121.559166667	20.33	6.32	987.65	12.0	119.89	5.96	8.86	9.78	206.1	15010800.MNS	NANO	2.019041805e+13	13.0
CHY036	23.605	120.488	329	3	24.05435	121.559166667	20.33	6.32	236.0532	34.0	119.93	4.32	11.96	15.92	300.0	N2910800.SMT	SMTA	2.019041805e+13	245.0
TAP106	25.1333	121.4727	581	4	24.05435	121.559166667	20.33	6.32	529.869803203	155.0	119.96	19.92	61.38	38.16	86.0	F8124500.EVT	ETNA	2.01904180501e+13	356.0
TTN042	22.9983	121.2852	378	2	24.05435	121.559166667	20.33	6.32	824.5156	22.5	120.16	1.28	5.77	3.74	240.0	N7810800.SMT	SMTA	2.019041805e+13	193.0
TAP094	25.14	121.4832	244	4	24.05435	121.559166667	20.33	6.32	409.86	596.0	120.57	21.9	46.06	32.14	239.2	24410800.MNS	NANO	2.019041805e+13	356.0
TAP111	25.13	121.7462	432	3	24.05435	121.559166667	20.33	6.32	390.603538158	118.8	120.68	6.8	13.5	10.48	240.0	O3210800.SMT	SMTA	2.019041805e+13	9.0
TAP107	25.1317	121.7407	197	3	24.05435	121.559166667	20.33	6.32	471.817491878	42.9	120.86	8.14	16.18	17.26	120.0	B9710800.SMT	SMTA	2.01904180501e+13	9.0
TAP061	25.1317	121.7608	166	3	24.05435	121.559166667	20.33	6.32	490.46	34.0	121.06	8.52	16.2	22.86	215.0	16610800.MNS	NANO	2.019041805e+13	10.0
TAP121	25.1283	121.7838	351	3	24.05435	121.559166667	20.33	6.32	583.95	56.0	121.13	8.54	17.98	21.5	218.3	35110800.MNS	NANO	2.019041805e+13	11.0
TCU208	23.9017	120.3782	522	3	24.05435	121.559166667	20.33	6.32	0.0	0.0	121.34	7.42	16.74	17.02	120.0	F2210800.SMT	SMTA	2.01904180501e+13	262.0
KAU054	23.275	120.7205	520	2	24.05435	121.559166667	20.33	6.32	502.7652	19.1	121.4	2.46	3.16	3.94	187.4	52010800.MNS	NANO	2.019041805e+13	225.0
TAP049	25.1467	121.4455	106	5	24.05435	121.559166667	20.33	6.32	528.156445415	89.0	121.56	25.8	97.72	71.24	233.1	10610800.MNS	NANO	2.019041805e+13	355.0
CHY010	23.4617	120.553	300	2	24.05435	121.559166667	20.33	6.32	816.86	14.0	121.68	4.08	6.32	6.4	120.0	D0010800.SMT	SMTA	2.01904180501e+13	237.0
TCU140	23.955	120.3678	216	3	24.05435	121.559166667	20.33	6.32	221.9263	554.9	121.68	7.18	8.34	14.42	256.7	21610800.MNS	NANO	2.019041805e+13	265.0
CHY002	23.7167	120.42	149	3	24.05435	121.559166667	20.33	6.32	229.62	405.7	121.87	7.12	9.8	9.02	259.9	14910800.MNS	NANO	2.019041805e+13	252.0
TAP050	25.15	121.4042	219	5	24.05435	121.559166667	20.33	6.32	281.003824965	113.0	122.37	19.26	57.92	82.08	232.3	21910800.MNS	NANO	2.019041805e+13	353.0
MTN117	25.1583	121.4768	091	4	24.05435	121.559166667	20.33	6.32	0.0	0.0	122.59	16.72	53.14	34.62	90.0	T091001.245	A900	2.01904180501e+13	356.0
TAP130	25.1617	121.5447	525	3	24.05435	121.559166667	20.33	6.32	0.0	0.0	122.73	10.02	23.34	21.46	240.0	F2510800.SMT	SMTA	2.019041805e+13	359.0
TAP059	25.155	121.6935	151	3	24.05435	121.559166667	20.33	6.32	450.55	31.0	122.76	8.26	16.8	14.74	209.4	15110800.MNS	NANO	2.019041805e+13	6.0
TAP060	25.155	121.7303	154	3	24.05435	121.559166667	20.33	6.32	691.91	33.0	123.14	7.6	8.5	22.7	209.4	15410800.MNS	NANO	2.019041805e+13	8.0
TAP104	25.1533	121.7397	984	4	24.05435	121.559166667	20.33	6.32	714.96	47.0	123.17	5.1	0.0	26.24	61.0	98410800.EVT	ETNA	2.01904180501e+13	9.0
TAP065	25.1483	121.7733	250	3	24.05435	121.559166667	20.33	6.32	1034.6611	9.5	123.21	4.5	11.36	9.14	120.0	C5010800.SMT	SMTA	2.01904180501e+13	10.0
TAP128	25.1633	121.4492	372	4	24.05435	121.559166667	20.33	6.32	0.0	0.0	123.45	19.82	38.68	45.94	300.0	N7210800.SMT	SMTA	2.019041805e+13	355.0
CHY045	23.3	120.6668	533	3	24.05435	121.559166667	20.33	6.32	627.5494	28.5	123.51	1.8	5.0	8.5	120.0	F3310800.SMT	SMTA	2.01904180501e+13	227.0
TAP055	25.1633	121.4488	138	4	24.05435	121.559166667	20.33	6.32	731.55	16.0	123.51	18.74	44.08	39.9	233.2	13810800.MNS	NANO	2.019041805e+13	355.0
CHY139	23.6433	120.4308	505	3	24.05435	121.559166667	20.33	6.32	0.0	0.0	123.57	7.06	12.08	20.14	180.4	50510800.MNS	NANO	2.019041805e+13	248.0
TCU145	23.9783	120.3445	552	3	24.05435	121.559166667	20.33	6.32	222.736723271	328.0	123.85	4.58	10.46	12.92	182.5	55210800.MNS	NANO	2.019041805e+13	266.0
TAP040	25.1717	121.4417	104	4	24.05435	121.559166667	20.33	6.32	432.526	32.0	124.44	15.56	41.78	63.8	228.9	10410800.MNS	NANO	2.019041805e+13	355.0
CHY133	23.5317	120.4743	358	3	24.05435	121.559166667	20.33	6.32	499.633689379	141.0	124.78	5.24	14.88	9.12	120.0	D5810800.SMT	SMTA	2.01904180501e+13	242.0
TAP066	25.1817	121.5293	299	3	24.05435	121.559166667	20.33	6.32	657.9669	20.9	125.03	4.26	9.32	9.42	120.0	C9910800.SMT	SMTA	2.01904180501e+13	359.0
CHY042	23.355	120.5918	169	2	24.05435	121.559166667	20.33	6.32	252.29	51.0	125.32	2.62	3.8	5.36	47.0	16924500.CVA	CVA	2.01904180502e+13	232.0
CHY086	23.35	120.594	418	2	24.05435	121.559166667	20.33	6.32	451.58	64.0	125.49	2.66	7.32	6.32	120.0	O1810800.SMT	SMTA	2.01904180501e+13	232.0
CHY149	23.4583	120.5085	585	3	24.05435	121.559166667	20.33	6.32	0.0	0.0	125.76	5.6	12.88	11.12	216.3	58510800.MNS	NANO	2.019041805e+13	238.0
CHY005	23.61	120.4217	371	3	24.05435	121.559166667	20.33	6.32	211.0298	385.0	125.89	2.54	9.74	12.26	235.7	37110800.MNS	NANO	2.019041805e+13	247.0
CHY152	23.6867	120.3887	230	3	24.05435	121.559166667	20.33	6.32	0.0	0.0	125.94	4.86	14.24	14.34	300.0	M3010800.SMT	SMTA	2.019041805e+13	251.0
TTN045	22.9733	121.1565	465	2	24.05435	121.559166667	20.33	6.32	539.471318108	30.0	126.5	1.74	2.2	2.84	184.1	46510800.MNS	NANO	2.01904180501e+13	199.0
TCU119	23.9217	120.3203	137	3	24.05435	121.559166667	20.33	6.32	222.0	659.7	126.89	12.98	15.8	17.6	248.7	13710800.MNS	NANO	2.019041805e+13	263.0
TAP114	25.2017	121.6607	467	3	24.05435	121.559166667	20.33	6.32	722.28	43.0	127.55	4.34	12.9	15.12	240.0	O6710800.SMT	SMTA	2.019041805e+13	5.0
CHY037	23.5533	120.4292	448	3	24.05435	121.559166667	20.33	6.32	208.7755	402.2	127.75	6.02	9.42	8.22	300.0	O4810800.SMT	SMTA	2.019041805e+13	244.0
CHY046	23.475	120.4713	182	3	24.05435	121.559166667	20.33	6.32	446.4618	152.0	128.08	6.12	16.38	8.36	66.0	18224500.CVA	CVA	2.01904180502e+13	240.0
CHY094	23.7917	120.3307	132	3	24.05435	121.559166667	20.33	6.32	223.1977	415.3	128.38	4.84	13.02	9.8	189.6	13210800.MNS	NANO	2.019041805e+13	257.0
CHY047	23.4933	120.4553	328	3	24.05435	121.559166667	20.33	6.32	183.5174	284.0	128.5	5.82	14.22	16.62	228.0	32810800.MNS	NANO	2.019041805e+13	241.0
CHY119	23.4717	120.4673	368	3	24.05435	121.559166667	20.33	6.32	498.384920446	217.3	128.61	4.24	7.78	9.18	300.0	N6810800.SMT	SMTA	2.019041805e+13	240.0
CHY087	23.3817	120.5298	453	2	24.05435	121.559166667	20.33	6.32	508.001	44.0	128.68	4.64	6.58	7.32	202.7	45310800.MNS	NANO	2.019041805e+13	235.0
CHY144	23.6033	120.3942	469	3	24.05435	121.559166667	20.33	6.32	0.0	0.0	128.71	3.56	8.98	10.16	234.3	46910800.MNS	NANO	2.019041805e+13	247.0
MND017	23.4817	120.4547	051	3	24.05435	121.559166667	20.33	6.32	0.0	0.0	129.14	5.88	14.84	9.24	63.0	05124500.CVA	CVA	2.01904180502e+13	241.0
CHY014	23.2933	120.5927	370	3	24.05435	121.559166667	20.33	6.32	341.8024	38.0	129.61	3.44	10.76	8.32	120.0	D7010800.SMT	SMTA	2.01904180501e+13	230.0
TAP084	25.2217	121.6373	248	3	24.05435	121.559166667	20.33	6.32	204.0816	226.0	129.65	7.58	14.86	18.22	226.4	24810800.MNS	NANO	2.019041805e+13	3.0
CHY073	23.495	120.4325	338	3	24.05435	121.559166667	20.33	6.32	201.4775	410.7512	130.4	3.36	11.18	13.82	120.0	D3810800.SMT	SMTA	2.01904180501e+13	242.0
TRB024	23.4783	120.4405	043	3	24.05435	121.559166667	20.33	6.32	0.0	0.0	130.63	5.04	11.42	9.06	58.0	04310800.CVA	CVA	2.01904180501e+13	241.0
CHY048	23.47	120.4453	318	3	24.05435	121.559166667	20.33	6.32	248.6531	195.0	130.64	4.88	11.46	11.16	233.1	31810800.MNS	NANO	2.019041805e+13	240.0
TCU086	23.8617	120.2892	194	3	24.05435	121.559166667	20.33	6.32	222.8992	761.4	131.0	3.66	12.06	10.66	120.0	B9410800.SMT	SMTA	2.01904180501e+13	261.0
CHY102	23.2433	120.6223	361	2	24.05435	121.559166667	20.33	6.32	836.1204	9.0	131.11	2.1	2.92	3.46	120.0	D6110800.SMT	SMTA	2.01904180501e+13	227.0
CHY009	23.4717	120.4163	373	3	24.05435	121.559166667	20.33	6.32	226.1079	261.0	133.11	5.76	10.16	11.82	182.9	37310800.MNS	NANO	2.019041805e+13	241.0
TRB025	23.4567	120.4218	038	3	24.05435	121.559166667	20.33	6.32	0.0	0.0	133.45	4.2	13.94	16.62	58.0	03810800.CVA	CVA	2.01904180458e+13	240.0
TAP083	25.2567	121.5027	240	3	24.05435	121.559166667	20.33	6.32	497.798416825	18.0	133.45	4.9	14.0	13.24	209.7	24010800.MNS	NANO	2.019041805e+13	358.0
CHY138	23.645	120.3173	458	3	24.05435	121.559166667	20.33	6.32	0.0	0.0	134.35	7.92	20.56	15.52	183.0	45810800.MNS	NANO	2.019041805e+13	250.0
TTN035	22.8767	121.2275	579	2	24.05435	121.559166667	20.33	6.32	519.752359206	60.0	134.59	1.58	4.04	4.5	186.4	57910800.MNS	NANO	2.01904180501e+13	195.0
TAP122	25.2717	121.6078	296	2	24.05435	121.559166667	20.33	6.32	546.06602528	60.427	135.02	4.08	6.36	6.16	120.0	C9610800.SMT	SMTA	2.01904180501e+13	2.0
CHY106	23.435	120.4147	308	3	24.05435	121.559166667	20.33	6.32	227.6349	318.2	135.26	4.66	11.12	11.24	233.6	30810800.MNS	NANO	2.019041805e+13	240.0
CHY105	23.5533	120.3453	341	3	24.05435	121.559166667	20.33	6.32	204.3597	186.0	135.5	4.0	9.12	14.2	221.7	34110800.MNS	NANO	2.019041805e+13	246.0
CHY039	23.5183	120.3512	177	3	24.05435	121.559166667	20.33	6.32	195.1495	264.0	136.62	4.32	9.66	6.68	52.0	17724500.CVA	CVA	2.01904180502e+13	244.0
TTN025	22.9017	121.08	541	2	24.05435	121.559166667	20.33	6.32	701.0984	24.6	136.65	2.1	3.14	3.38	185.7	54110800.MNS	NANO	2.01904180501e+13	201.0
TAP123	25.2867	121.5887	466	3	24.05435	121.559166667	20.33	6.32	440.72	409.6	136.66	5.2	8.94	7.92	300.0	O6610800.SMT	SMTA	2.019041805e+13	1.0
CHY135	23.2867	120.5065	390	2	24.05435	121.559166667	20.33	6.32	576.914251208	78.0	136.91	2.66	5.3	6.6	120.0	D9010800.SMT	SMTA	2.01904180501e+13	232.0
CHY027	23.75	120.2543	589	3	24.05435	121.559166667	20.33	6.32	209.4952	673.6	137.03	6.4	12.28	9.16	184.8	58910800.MNS	NANO	2.019041805e+13	256.0
CHY111	23.7883	120.2335	332	3	24.05435	121.559166667	20.33	6.32	269.6387	432.0	138.1	4.12	15.82	21.68	120.0	D3200900.SMT	SMTA	2.01904180501e+13	258.0
CHY032	23.5767	120.3018	173	3	24.05435	121.559166667	20.33	6.32	192.5669	761.0	138.58	4.68	12.38	13.8	180.1	17310800.MNS	NANO	2.019041805e+13	248.0
CHY088	23.3433	120.438	155	3	24.05435	121.559166667	20.33	6.32	329.543582139	46.0	138.75	3.12	9.19	8.8	211.2	15510800.MNS	NANO	2.019041805e+13	235.0
CHY117	23.8033	120.2232	234	3	24.05435	121.559166667	20.33	6.32	227.638134387	820.5	138.79	5.82	10.56	10.28	120.0	C3410800.SMT	SMTA	2.01904180501e+13	258.0
CHY001	23.7033	120.249	199	3	24.05435	121.559166667	20.33	6.32	229.88	525.0	138.93	6.04	9.12	10.28	185.6	19910800.MNS	NANO	2.019041805e+13	254.0
CHY015	23.3517	120.4143	525	3	24.05435	121.559166667	20.33	6.32	224.7275	227.0	140.25	4.08	8.2	6.76	229.7	52510800.MNS	NANO	2.01904180501e+13	236.0
CHY051	23.28	120.4673	307	2	24.05435	121.559166667	20.33	6.32	363.8789	209.0	140.56	2.36	3.68	4.26	193.4	30710800.MNS	NANO	2.01904180501e+13	232.0
CHY095	23.455	120.3312	512	2	24.05435	121.559166667	20.33	6.32	216.3644	400.3	141.68	5.58	7.7	5.64	212.9	51210800.MNS	NANO	2.01904180501e+13	242.0
CHY076	23.635	120.2298	180	3	24.05435	121.559166667	20.33	6.32	170.8915	749.1	143.1	6.26	16.34	17.64	120.0	B8010800.SMT	SMTA	2.01904180501e+13	251.0
CHY049	23.365	120.3663	592	3	24.05435	121.559166667	20.33	6.32	224.8207	242.0	143.57	2.58	8.02	8.6	219.7	59210800.MNS	NANO	2.01904180501e+13	238.0
CHY043	23.4033	120.3363	529	3	24.05435	121.559166667	20.33	6.32	225.4114	195.0	143.93	2.58	9.38	6.34	223.6	52910800.MNS	NANO	2.01904180501e+13	240.0
CHY112	23.7017	120.193	127	3	24.05435	121.559166667	20.33	6.32	239.7123	807.3	144.48	6.54	10.0	12.22	182.8	12710800.MNS	NANO	2.019041805e+13	254.0
CHY120	23.4567	120.294	369	3	24.05435	121.559166667	20.33	6.32	220.132124423	465.0	144.94	5.52	9.5	14.76	300.0	N6910800.SMT	SMTA	2.019041805e+13	243.0
CHY008	23.4833	120.2777	559	3	24.05435	121.559166667	20.33	6.32	209.4972	744.7	145.1	7.22	9.5	8.82	185.6	55910800.MNS	NANO	2.019041805e+13	244.0
CHY128	23.2933	120.3867	153	2	24.05435	121.559166667	20.33	6.32	253.851186091	157.0	146.23	2.46	6.1	5.94	63.0	15324500.CVA	CVA	2.01904180502e+13	235.0
CHY033	23.5383	120.2253	206	3	24.05435	121.559166667	20.33	6.32	193.3239	671.0	147.4	4.74	11.22	11.46	219.7	20610800.MNS	NANO	2.01904180501e+13	247.0
CHY155	23.5217	120.2278	669	3	24.05435	121.559166667	20.33	6.32	0.0	0.0	147.9	3.28	9.6	15.98	120.0	G6910800.SMT	SMTA	2.01904180501e+13	247.0
CHY123	23.4833	120.2395	564	2	24.05435	121.559166667	20.33	6.32	212.4491	633.3	148.62	3.52	7.06	7.34	181.1	56410800.MNS	NANO	2.019041805e+13	245.0
CHY053	23.285	120.3637	386	2	24.05435	121.559166667	20.33	6.32	272.6653	281.9	148.67	2.52	4.96	4.82	216.7	38610800.MNS	NANO	2.01904180501e+13	235.0
CHY004	23.5983	120.1795	163	3	24.05435	121.559166667	20.33	6.32	272.9754	681.0	149.3	3.32	11.22	12.66	210.7	16310800.MNS	NANO	2.01904180501e+13	250.0
CHY093	23.65	120.1552	160	3	24.05435	121.559166667	20.33	6.32	191.3937	601.1	149.81	3.94	11.26	9.22	179.8	16010800.MNS	NANO	2.019041805e+13	253.0
CHY018	23.2217	120.4003	378	2	24.05435	121.559166667	20.33	6.32	594.6482	55.0	149.88	2.32	4.1	4.24	120.0	D7810800.SMT	SMTA	2.01904180501e+13	232.0
MTN154	22.995	120.633	415	2	24.05435	121.559166667	20.33	6.32	0.0	0.0	150.6	1.38	3.4	3.28	187.3	41510800.MNS	NANO	2.01904180501e+13	219.0
TRB028	23.3067	120.3233	040	2	24.05435	121.559166667	20.33	6.32	0.0	0.0	150.77	2.64	6.14	4.78	61.0	04010800.CVA	CVA	2.01904180451e+13	237.0
CHY122	23.3217	120.3095	225	2	24.05435	121.559166667	20.33	6.32	224.976211949	386.6	151.01	2.48	4.98	4.66	300.0	M2510800.SMT	SMTA	2.019041805e+13	238.0
CHY054	23.305	120.3175	155	3	24.05435	121.559166667	20.33	6.32	175.1108	465.4999	151.37	4.0	8.06	5.38	57.0	15524500.CVA	CVA	2.01904180502e+13	237.0
CHY062	23.12	120.4592	536	2	24.05435	121.559166667	20.33	6.32	597.8477	33.0	152.57	1.44	2.28	2.78	182.4	53610800.MNS	NANO	2.01904180501e+13	227.0
CHY107	23.2967	120.2992	346	2	24.05435	121.559166667	20.33	6.32	181.0514	193.0	153.42	2.42	7.28	4.46	228.0	34610800.MNS	NANO	2.01904180501e+13	237.0
CHY100	23.225	120.3503	503	2	24.05435	121.559166667	20.33	6.32	344.253967729	164.0	153.74	2.38	4.36	3.84	205.8	50310800.MNS	NANO	2.01904180501e+13	233.0
CHY113	23.42	120.2138	129	3	24.05435	121.559166667	20.33	6.32	240.6449	379.0	154.09	3.08	13.74	8.8	215.5	12910800.MNS	NANO	2.01904180501e+13	243.0
CHY055	23.2683	120.2768	389	2	24.05435	121.559166667	20.33	6.32	221.4512	371.3945	157.1	2.5	7.1	5.24	207.5	38910800.MNS	NANO	2.01904180501e+13	236.0
CHY134	23.3467	120.2227	393	2	24.05435	121.559166667	20.33	6.32	215.921343383	506.0	157.18	2.46	5.98	6.38	120.0	D9310800.SMT	SMTA	2.01904180501e+13	240.0
CHY145	23.46	120.1533	499	3	24.05435	121.559166667	20.33	6.32	0.0	0.0	157.67	4.1	10.34	6.54	215.8	49910800.MNS	NANO	2.01904180501e+13	245.0
CHY022	23.0433	120.4697	587	2	24.05435	121.559166667	20.33	6.32	570.0171	54.0	157.77	1.4	2.8	2.96	185.4	58710800.MNS	NANO	2.01904180501e+13	225.0
KAU068	22.975	120.5443	575	2	24.05435	121.559166667	20.33	6.32	813.2285	16.0	158.12	1.94	2.06	3.14	180.7	57510800.MNS	NANO	2.01904180501e+13	221.0
KAU069	22.885	120.6647	405	2	24.05435	121.559166667	20.33	6.32	512.6452	61.0	158.42	1.52	2.64	2.92	180.1	40510800.MNS	NANO	2.01904180501e+13	215.0
CHY129	23.2917	120.244	120	2	24.05435	121.559166667	20.33	6.32	210.341852883	191.0	158.46	1.58	4.86	3.82	212.3	12010800.MNS	NANO	2.01904180501e+13	238.0
MND011	23.1467	120.3538	053	2	24.05435	121.559166667	20.33	6.32	0.0	0.0	158.83	2.9	4.8	5.16	47.0	05324500.CVA	CVA	2.01904180502e+13	231.0
CHY058	23.17	120.3272	478	2	24.05435	121.559166667	20.33	6.32	271.1252	220.1	159.27	1.88	3.82	5.66	205.8	47810800.MNS	NANO	2.01904180501e+13	232.0
CHY044	23.38	120.1722	356	2	24.05435	121.559166667	20.33	6.32	192.6659	398.0	159.87	2.18	5.92	4.62	300.0	N5610800.SMT	SMTA	2.019041805e+13	242.0
CHY131	23.1183	120.3612	573	2	24.05435	121.559166667	20.33	6.32	457.688575817	263.0	160.2	2.56	5.18	5.28	193.8	57310800.MNS	NANO	2.01904180501e+13	230.0
CHY017	23.2133	120.277	374	2	24.05435	121.559166667	20.33	6.32	196.0186	540.0	160.56	1.44	3.4	3.6	201.2	37410800.MNS	NANO	2.01904180501e+13	235.0
CHY142	23.055	120.404	468	2	24.05435	121.559166667	20.33	6.32	0.0	0.0	161.62	1.56	3.96	3.56	192.6	46810800.MNS	NANO	2.01904180501e+13	227.0
CHY089	23.075	120.364	217	2	24.05435	121.559166667	20.33	6.32	396.1965	191.0	163.22	1.88	4.08	5.1	120.0	C1710800.SMT	SMTA	2.01904180501e+13	228.0
CHY012	23.33	120.1597	491	2	24.05435	121.559166667	20.33	6.32	192.2214	991.7	163.69	2.6	2.98	3.48	231.9	49110800.MNS	NANO	2.01904180501e+13	241.0
CHY146	23.1817	120.2598	494	2	24.05435	121.559166667	20.33	6.32	0.0	0.0	164.04	1.88	4.3	4.48	201.9	49410800.MNS	NANO	2.01904180501e+13	234.0
KAU020	22.8983	120.5433	457	2	24.05435	121.559166667	20.33	6.32	344.2143	45.0	164.66	3.02	6.56	7.38	215.7	45710800.MNS	NANO	2.01904180501e+13	219.0
CHY099	23.135	120.2882	372	2	24.05435	121.559166667	20.33	6.32	217.1177	185.0	164.82	2.64	2.98	4.94	120.0	D7210800.SMT	SMTA	2.01904180501e+13	232.0
KAU105	22.9383	120.4603	507	2	24.05435	121.559166667	20.33	6.32	0.0	0.0	166.86	2.96	5.32	5.34	209.8	50710800.MNS	NANO	2.01904180501e+13	222.0
CHY140	23.2367	120.1753	488	2	24.05435	121.559166667	20.33	6.32	0.0	0.0	167.65	2.22	3.96	4.62	210.8	48810800.MNS	NANO	2.01904180501e+13	237.0
CHY063	23.025	120.3495	179	2	24.05435	121.559166667	20.33	6.32	287.6594	179.0	168.01	2.18	4.04	3.52	240.0	L7910800.SMT	SMTA	2.01904180501e+13	227.0
CHY154	23.02	120.3478	203	2	24.05435	121.559166667	20.33	6.32	0.0	0.0	168.47	1.72	3.56	3.62	240.0	M0310800.SMT	SMTA	2.01904180501e+13	227.0
KAU123	22.885	120.4938	531	2	24.05435	121.559166667	20.33	6.32	0.0	0.0	169.11	2.4	3.82	2.86	120.0	F3110800.SMT	SMTA	2.01904180501e+13	220.0
CHY077	23.1733	120.2017	189	2	24.05435	121.559166667	20.33	6.32	124.8959	782.4	169.42	1.48	3.04	5.34	120.0	B8910800.SMT	SMTA	2.01904180501e+13	235.0
CHY016	23.2183	120.1622	326	2	24.05435	121.559166667	20.33	6.32	199.4681	556.0	169.91	1.58	4.02	3.7	199.3	32610800.MNS	NANO	2.01904180501e+13	237.0
CHY143	22.9633	120.3587	513	2	24.05435	121.559166667	20.33	6.32	0.0	0.0	172.08	2.0	4.62	4.6	201.9	51310800.MNS	NANO	2.01904180501e+13	225.0
CHY141	23.1217	120.1988	483	2	24.05435	121.559166667	20.33	6.32	0.0	0.0	172.98	2.06	2.98	4.36	195.0	48310800.MNS	NANO	2.01904180501e+13	233.0
KAU029	22.7533	120.576	558	2	24.05435	121.559166667	20.33	6.32	351.9061	18.0	175.6	1.64	2.56	2.5	179.9	55810800.MNS	NANO	2.01904180501e+13	215.0
CHY023	22.9633	120.2882	515	2	24.05435	121.559166667	20.33	6.32	279.7855	271.1452	177.24	1.64	4.16	3.1	204.8	51510800.MNS	NANO	2.01904180501e+13	227.0
CHY065	22.9033	120.3517	550	2	24.05435	121.559166667	20.33	6.32	222.6924	354.0	177.3	2.04	4.52	4.4	210.8	55010800.MNS	NANO	2.01904180501e+13	224.0
KAU012	22.8767	120.3792	493	2	24.05435	121.559166667	20.33	6.32	304.6613	46.0	177.55	2.1	3.72	2.86	187.8	49310800.MNS	NANO	2.01904180501e+13	223.0
CHY020	23.1017	120.1583	352	2	24.05435	121.559166667	20.33	6.32	214.1404	745.0	177.66	1.58	3.82	4.46	182.0	35210800.MNS	NANO	2.01904180501e+13	234.0
CHY064	23.0017	120.2417	313	2	24.05435	121.559166667	20.33	6.32	351.541656819	166.0	177.91	1.74	3.28	3.52	201.0	31310800.MNS	NANO	2.01904180501e+13	229.0
KAU070	22.78	120.4957	533	2	24.05435	121.559166667	20.33	6.32	289.3923	78.0	178.04	1.98	3.38	3.5	195.0	53310800.MNS	NANO	2.01904180501e+13	218.0
CHY096	22.98	120.2407	332	2	24.05435	121.559166667	20.33	6.32	423.014467864	279.0	179.58	1.22	3.82	2.34	183.7	33210800.MNS	NANO	2.01904180501e+13	229.0
CHY097	23.0083	120.2115	593	2	24.05435	121.559166667	20.33	6.32	341.383259057	321.0	179.82	2.14	3.2	2.66	186.2	59310800.MNS	NANO	2.01904180501e+13	230.0
CHY156	23.1467	120.0865	506	2	24.05435	121.559166667	20.33	6.32	0.0	0.0	180.8	1.46	4.18	3.68	120.0	F0610800.SMT	SMTA	2.01904180501e+13	236.0
CHY116	23.0767	120.1168	377	2	24.05435	121.559166667	20.33	6.32	194.3365	636.8	182.74	2.44	3.32	3.82	196.6	37710800.MNS	NANO	2.01904180501e+13	234.0
CHY098	23.0	120.1662	337	2	24.05435	121.559166667	20.33	6.32	229.208125347	356.0	183.98	2.03	3.18	3.26	193.8	33710800.MNS	NANO	2.01904180501e+13	231.0
CHY069	22.9733	120.1898	519	2	24.05435	121.559166667	20.33	6.32	219.9817	403.0	184.08	1.44	2.76	2.82	182.0	51910800.MNS	NANO	2.01904180501e+13	229.0
CHY147	22.9417	120.2175	586	2	24.05435	121.559166667	20.33	6.32	0.0	0.0	184.17	1.0	2.88	2.56	191.9	58610800.MNS	NANO	2.01904180501e+13	228.0
KAU111	22.6767	120.526	460	2	24.05435	121.559166667	20.33	6.32	0.0	0.0	185.53	1.54	2.5	2.7	180.4	46010800.MNS	NANO	2.01904180501e+13	215.0
CHY066	22.9183	120.2172	561	2	24.05435	121.559166667	20.33	6.32	211.492	207.0	186.01	1.82	3.08	3.14	206.0	56110800.MNS	NANO	2.01904180501e+13	227.0
KAU009	22.8667	120.2643	119	2	24.05435	121.559166667	20.33	6.32	270.5384	235.0	186.47	0.88	3.12	2.82	186.4	11910800.MNS	NANO	2.01904180501e+13	225.0
KAU071	22.6467	120.5213	527	2	24.05435	121.559166667	20.33	6.32	238.711	156.0	188.49	0.94	2.84	2.2	179.8	52710800.MNS	NANO	2.01904180501e+13	214.0
KAU063	22.9033	120.1825	432	2	24.05435	121.559166667	20.33	6.32	211.6029	250.0	189.72	1.62	3.54	3.14	186.6	43210800.MNS	NANO	2.01904180501e+13	228.0
KAU086	22.7917	120.303	576	2	24.05435	121.559166667	20.33	6.32	213.474110077	257.0	189.72	1.46	3.3	2.34	206.2	57610800.MNS	NANO	2.01904180501e+13	223.0
KAU074	22.5717	120.572	517	2	24.05435	121.559166667	20.33	6.32	224.8876	67.0	192.63	1.16	2.76	2.46	189.7	51710800.MNS	NANO	2.01904180501e+13	212.0
KAU112	22.5817	120.5445	548	2	24.05435	121.559166667	20.33	6.32	0.0	0.0	193.29	1.38	2.58	2.56	180.4	54810800.MNS	NANO	2.01904180501e+13	212.0
KAU108	22.8133	120.2242	510	2	24.05435	121.559166667	20.33	6.32	0.0	0.0	193.56	1.08	3.86	2.94	222.1	51010800.MNS	NANO	2.01904180501e+13	225.0
KAU011	22.76	120.2643	464	2	24.05435	121.559166667	20.33	6.32	145.3488	305.0	195.07	1.3	3.0	3.04	191.4	46410800.MNS	NANO	2.01904180501e+13	223.0
KAU031	22.5817	120.4888	567	2	24.05435	121.559166667	20.33	6.32	219.547	254.0	196.37	1.14	2.56	2.56	179.8	56710800.MNS	NANO	2.01904180501e+13	214.0
KAU015	22.6533	120.3415	556	2	24.05435	121.559166667	20.33	6.32	227.1437	380.0	198.84	1.88	2.54	2.66	180.3	55610800.MNS	NANO	2.01904180501e+13	219.0
KAU008	22.6283	120.376	408	2	24.05435	121.559166667	20.33	6.32	287.4527	352.0	198.93	1.28	3.18	2.4	180.0	40810800.MNS	NANO	2.01904180501e+13	217.0
KAU004	22.63	120.3515	401	2	24.05435	121.559166667	20.33	6.32	221.8853	200.0	200.23	1.44	3.14	2.66	186.6	40110800.MNS	NANO	2.01904180501e+13	218.0
KAU032	22.5433	120.4607	477	2	24.05435	121.559166667	20.33	6.32	190.7002	151.0	201.52	1.36	3.04	3.46	187.5	47710800.MNS	NANO	2.01904180501e+13	214.0
KAU106	22.6217	120.313	480	2	24.05435	121.559166667	20.33	6.32	0.0	0.0	203.39	1.52	2.9	2.12	180.4	48010800.MNS	NANO	2.01904180501e+13	219.0
KAU103	22.6267	120.3047	584	2	24.05435	121.559166667	20.33	6.32	0.0	0.0	203.57	1.16	2.16	2.66	180.2	58410800.MNS	NANO	2.01904180501e+13	219.0
KAU075	22.4867	120.5062	487	2	24.05435	121.559166667	20.33	6.32	196.8181	598.0	204.17	1.12	3.24	2.36	180.4	48710800.MNS	NANO	2.01904180501e+13	212.0
KAU116	22.58	120.3497	482	2	24.05435	121.559166667	20.33	6.32	0.0	0.0	204.72	1.14	2.18	2.56	179.9	48210800.MNS	NANO	2.01904180501e+13	217.0
KAU107	22.6233	120.2822	532	2	24.05435	121.559166667	20.33	6.32	0.0	0.0	205.3	1.38	2.5	2.04	180.4	53210800.MNS	NANO	2.01904180501e+13	219.0
KAU044	22.4367	120.5115	461	2	24.05435	121.559166667	20.33	6.32	215.9283	355.0	208.77	1.38	3.0	2.78	179.8	46110800.MNS	NANO	2.01904180501e+13	211.0
KAU092	22.5533	120.315	153	2	24.05435	121.559166667	20.33	6.32	226.166970361	159.0	209.28	1.5	2.84	2.68	179.8	15310800.MNS	NANO	2.01904180501e+13	217.0
HWA015	23.9717	121.5627	337	6	24.05435	121.559166667	20.33	6.32	445.5997	244.0	9.03	172.52	313.04	288.72	180.0	D3710800.SMT	SMTA	2.019041805e+13	178.0
HWA019	23.975	121.6135	499	5	24.05435	121.559166667	20.33	6.32	503.524672709	216.1	10.38	92.38	234.06	243.44	180.0	E9910800.SMT	SMTA	2.019041805e+13	148.0
HWA019	23.975	121.6135	192	5	24.05435	121.559166667	20.33	6.32	503.524672709	216.1	10.38	88.32	242.68	247.6	105.0	19210800.CVA	CVA	2.01904180501e+13	148.0
ILA050	24.425	121.749	508	5	24.05435	121.559166667	20.33	6.32	626.57	36.0	45.44	60.62	177.5	174.64	180.0	F0810800.SMT	SMTA	2.019041805e+13	25.0
TCU054	24.16	120.6848	453	3	24.05435	121.559166667	20.33	6.32	436.9992	186.0	89.65	4.08	6.42	10.64	39.0	T453001.245	A900	2.01904180501e+13	278.0
TCU076	23.905	120.6835	398	3	24.05435	121.559166667	20.33	6.32	573.2302	26.0	90.59	5.8	9.58	11.56	120.0	D9810800.SMT	SMTA	2.01904180501e+13	260.0
TAP085	24.9383	121.7122	534	3	24.05435	121.559166667	20.33	6.32	895.1216	9.5	99.13	7.58	11.94	10.28	120.0	F3410800.SMT	SMTA	2.01904180501e+13	9.0
TAP117	25.0133	121.5395	985	4	24.05435	121.559166667	20.33	6.32	408.230465756	146.0	106.33	15.42	45.88	40.34	87.0	98124500.EVT	ETNA	2.01904180501e+13	359.0
TAP001	25.0367	121.5138	667	4	24.05435	121.559166667	20.33	6.32	177.424860798	555.0	109.01	8.44	29.36	23.26	120.0	G6710800.SMT	SMTA	2.01904180501e+13	358.0
TAP007	25.0733	121.5168	279	4	24.05435	121.559166667	20.33	6.32	204.3179	231.0	112.97	13.16	27.64	32.08	120.0	C7910800.SMT	SMTA	2.01904180501e+13	358.0
TCU168	25.0067	121.0475	326	4	24.05435	121.559166667	20.33	6.32	476.230363623	87.9792	117.55	4.44	25.1	33.82	120.0	D2610800.SMT	SMTA	2.01904180501e+13	334.0
