TRB044	24.4633	121.801	018	5	24.43635	121.909666667	24.15	6.24	0.0	0.0	11.42	81.06	123.76	117.54	73.0	01821900.CVA	CVA	2.01908072126e+13	285.0
ILA062	24.465	121.8008	506	5	24.43635	121.909666667	24.15	6.24	759.04	11.0	11.52	86.74	151.7	134.9	221.8	50621900.MNS	NANO	2.01908072127e+13	287.0
ILA061	24.52	121.8328	298	5	24.43635	121.909666667	24.15	6.24	502.05	82.0	12.23	105.48	140.7	150.58	120.0	C9821900.SMT	SMTA	2.01908072127e+13	320.0
ILA075	24.445	121.7783	340	5	24.43635	121.909666667	24.15	6.24	0.0	0.0	13.35	90.54	170.72	204.28	120.0	D4021901.SMT	SMTA	2.01908072127e+13	274.0
ILA065	24.47	121.7777	491	5	24.43635	121.909666667	24.15	6.24	566.4118	13.0	13.91	103.02	143.44	139.44	120.0	E9121900.SMT	SMTA	2.01908072127e+13	286.0
ILA050	24.425	121.749	634	5	24.43635	121.909666667	24.15	6.24	626.57	36.0	16.33	50.9	169.4	156.0	65.0	63414300.EVT	K2	2.01908072127e+13	266.0
ILA007	24.5917	121.8535	064	5	24.43635	121.909666667	24.15	6.24	432.3545	58.0	18.21	102.18	231.22	200.82	75.0	06421900.CVA	CVA	2.01908072128e+13	342.0
ILA068	24.5967	121.8573	306	5	24.43635	121.909666667	24.15	6.24	617.22	340.0	18.59	92.0	149.44	175.62	180.0	D0621900.SMT	SMTA	2.01908072127e+13	343.0
MND014	24.6017	121.8723	059	5	24.43635	121.909666667	24.15	6.24	0.0	0.0	18.79	84.16	141.54	147.06	62.0	05921900.CVA	CVA	2.01908072127e+13	348.0
ILA031	24.5967	121.8407	085	6	24.43635	121.909666667	24.15	6.24	657.3902	22.5	19.14	88.46	257.36	241.7	67.0	08521900.CVA	CVA	2.01908072128e+13	339.0
ILA052	24.6067	121.86	498	5	24.43635	121.909666667	24.15	6.24	481.68	233.0	19.69	135.56	241.98	170.34	120.0	E9821900.SMT	SMTA	2.01908072127e+13	345.0
MTN131	24.59	121.8108	061	6	24.43635	121.909666667	24.15	6.24	0.0	0.0	19.84	108.16	338.32	294.22	80.0	T061001.356	A900	2.01908072127e+13	330.0
TRB041	24.6033	121.8325	020	5	24.43635	121.909666667	24.15	6.24	0.0	0.0	20.12	85.16	228.3	165.34	80.0	02021900.CVA	CVA	2.01908072128e+13	337.0
ILA053	24.3283	121.7393	280	4	24.43635	121.909666667	24.15	6.24	534.6641	43.0	20.95	24.6	32.58	29.44	120.0	C8021900.SMT	SMTA	2.01908072127e+13	236.0
HWA045	24.3083	121.7495	309	4	24.43635	121.909666667	24.15	6.24	472.77598298	179.0	21.52	36.78	54.74	62.4	120.0	D0921900.SMT	SMTA	2.01908072127e+13	229.0
ILA032	24.6217	121.8347	420	5	24.43635	121.909666667	24.15	6.24	296.5159	219.0	21.92	61.56	140.58	84.32	215.1	42021900.MNS	NANO	2.01908072127e+13	340.0
TRB043	24.2967	121.7532	022	4	24.43635	121.909666667	24.15	6.24	0.0	0.0	22.17	31.4	21.06	32.3	65.0	02221900.CVA	CVA	2.01908072124e+13	226.0
ILA071	24.6217	121.7942	091	5	24.43635	121.909666667	24.15	6.24	532.252360474	64.9931	23.63	53.42	103.4	47.34	67.0	09121900.CVA	CVA	2.01908072128e+13	330.0
ILA006	24.6383	121.8327	062	5	24.43635	121.909666667	24.15	6.24	276.3703	276.3539	23.83	37.82	127.82	107.76	84.0	06221900.CVA	CVA	2.01908072128e+13	341.0
ILA047	24.6433	121.7942	470	5	24.43635	121.909666667	24.15	6.24	260.129957407	396.0	25.79	42.42	98.86	97.76	240.0	O7021900.SMT	SMTA	2.01908072127e+13	333.0
ILA059	24.665	121.8297	341	5	24.43635	121.909666667	24.15	6.24	232.2417	398.0	26.65	40.04	161.04	125.7	180.0	D4121900.SMT	SMTA	2.01908072127e+13	342.0
ILA043	24.6267	121.7437	084	5	24.43635	121.909666667	24.15	6.24	518.37352611	62.0	26.97	68.66	86.04	81.38	69.0	08421900.CVA	CVA	2.01908072128e+13	321.0
ILA044	24.6533	121.7625	092	5	24.43635	121.909666667	24.15	6.24	159.0	310.0	28.3	47.16	82.3	40.22	91.0	09221900.CVA	CVA	2.01908072128e+13	328.0
ILA076	24.6333	121.7168	521	5	24.43635	121.909666667	24.15	6.24	0.0	0.0	29.34	57.38	108.28	55.92	120.0	F2121900.SMT	SMTA	2.01908072127e+13	318.0
ILA026	24.6733	121.7728	530	5	24.43635	121.909666667	24.15	6.24	237.5022	440.0	29.69	49.86	120.24	123.8	244.4	53021900.MNS	NANO	2.01908072127e+13	332.0
ILA042	24.6867	121.7987	509	5	24.43635	121.909666667	24.15	6.24	213.1817	610.0	30.01	41.78	95.24	65.54	242.8	50921900.MNS	NANO	2.01908072127e+13	338.0
ILA005	24.6967	121.8127	061	5	24.43635	121.909666667	24.15	6.24	237.2093	635.0	30.48	42.74	117.34	112.96	85.0	06121900.CVA	CVA	2.01908072128e+13	341.0
ILA046	24.665	121.7423	531	5	24.43635	121.909666667	24.15	6.24	397.59	300.0	30.48	53.02	85.6	101.04	213.2	53121900.MNS	NANO	2.01908072127e+13	326.0
MTN128	24.51	121.6113	126	4	24.43635	121.909666667	24.15	6.24	0.0	0.0	31.33	23.1	58.7	44.68	206.9	12621900.MNS	NANO	2.01908072127e+13	285.0
ILA027	24.6883	121.7667	298	5	24.43635	121.909666667	24.15	6.24	267.472858886	625.0	31.51	59.72	163.96	133.84	240.0	M9821900.SMT	SMTA	2.01908072127e+13	333.0
ILA072	24.7	121.7717	508	5	24.43635	121.909666667	24.15	6.24	0.0	0.0	32.38	36.4	135.04	94.64	238.8	50821900.MNS	NANO	2.01908072127e+13	334.0
ILA008	24.7067	121.7707	081	5	24.43635	121.909666667	24.15	6.24	290.6977	649.0	33.14	64.54	109.48	90.66	93.0	08121900.CVA	CVA	2.01908072128e+13	335.0
ILA041	24.7217	121.8003	145	5	24.43635	121.909666667	24.15	6.24	194.179	758.7	33.52	58.28	115.06	150.14	102.0	14521900.CVA	CVA	2.01908072128e+13	341.0
ILA055	24.7367	121.8162	304	5	24.43635	121.909666667	24.15	6.24	265.9574	844.0	34.59	51.84	146.8	130.1	180.0	D0421900.SMT	SMTA	2.01908072127e+13	344.0
ILA018	24.6783	121.6882	181	4	24.43635	121.909666667	24.15	6.24	497.4712	82.0	35.08	19.86	45.22	38.98	240.0	L8121900.SMT	SMTA	2.01908072127e+13	320.0
ILA030	24.7233	121.7637	083	5	24.43635	121.909666667	24.15	6.24	198.5112	726.0	35.21	91.48	87.24	94.38	101.0	08321900.CVA	CVA	2.01908072127e+13	335.0
ILA038	24.7183	121.744	335	5	24.43635	121.909666667	24.15	6.24	243.8529	467.0	35.6	38.36	98.36	86.46	300.0	N3521900.SMT	SMTA	2.01908072127e+13	332.0
ILA004	24.7433	121.7907	522	5	24.43635	121.909666667	24.15	6.24	121.4493	1126.0	36.08	41.92	86.56	73.7	260.1	52221900.MNS	NANO	2.01908072127e+13	340.0
ILA022	24.6667	121.6508	182	4	24.43635	121.909666667	24.15	6.24	779.84	27.0	36.6	21.16	45.34	39.32	204.1	18221900.MNS	NANO	2.01908072127e+13	314.0
ILA056	24.7583	121.8143	313	5	24.43635	121.909666667	24.15	6.24	221.287	1094.0	37.02	28.5	91.22	113.02	180.0	D1321900.SMT	SMTA	2.01908072127e+13	345.0
ILA013	24.7333	121.7377	087	5	24.43635	121.909666667	24.15	6.24	224.545918952	661.0	37.29	28.7	146.94	125.66	92.0	08721900.CVA	CVA	2.01908072128e+13	332.0
ILA017	24.7167	121.6887	392	4	24.43635	121.909666667	24.15	6.24	627.4182	36.4	38.37	26.34	42.52	45.4	205.1	39221900.MNS	NANO	2.01908072127e+13	324.0
TRB039	24.7533	121.7587	016	5	24.43635	121.909666667	24.15	6.24	0.0	0.0	38.38	31.96	95.54	88.14	88.0	01621900.CVA	CVA	2.01908072128e+13	337.0
ILA028	24.7533	121.7547	089	5	24.43635	121.909666667	24.15	6.24	218.3803	710.0	38.48	67.88	126.02	134.2	86.0	08921900.CVA	CVA	2.01908072128e+13	336.0
ILA070	24.7533	121.7557	239	5	24.43635	121.909666667	24.15	6.24	294.993861729	646.0	38.55	56.52	177.04	135.7	240.0	M3921900.SMT	SMTA	2.01908072127e+13	336.0
ILA051	24.7167	121.6828	236	4	24.43635	121.909666667	24.15	6.24	535.236396075	41.0	38.75	25.18	41.84	63.7	120.0	C3621900.SMT	SMTA	2.01908072127e+13	324.0
ILA040	24.7717	121.7988	387	5	24.43635	121.909666667	24.15	6.24	188.3537	1154.0	38.87	55.5	101.36	124.56	180.0	D8721900.SMT	SMTA	2.01908072127e+13	343.0
ILA037	24.7433	121.7228	485	5	24.43635	121.909666667	24.15	6.24	212.9296	447.0	38.93	92.24	103.66	123.36	234.8	48521900.MNS	NANO	2.01908072127e+13	331.0
ILA049	24.7633	121.7563	288	5	24.43635	121.909666667	24.15	6.24	242.409953224	611.0	39.46	33.76	175.74	94.64	180.0	C8821900.SMT	SMTA	2.01908072127e+13	337.0
ILA021	24.71	121.653	104	4	24.43635	121.909666667	24.15	6.24	546.35473206	86.0	40.06	19.38	32.8	22.38	64.0	10421900.CVA	CVA	2.01908072128e+13	320.0
HWA025	24.1617	121.6522	176	3	24.43635	121.909666667	24.15	6.24	483.09178744	85.7662	40.11	13.34	16.94	13.32	212.9	17621900.MNS	NANO	2.01908072127e+13	221.0
ILA029	24.77	121.7543	237	4	24.43635	121.909666667	24.15	6.24	186.9741	567.0	40.3	61.88	74.06	56.52	223.2	23721900.MNS	NANO	2.01908072127e+13	337.0
MTN181	24.535	121.5265	188	4	24.43635	121.909666667	24.15	6.24	0.0	0.0	40.36	14.5	22.2	25.64	208.7	18821900.MNS	NANO	2.01908072127e+13	286.0
ILA023	24.6783	121.6095	454	4	24.43635	121.909666667	24.15	6.24	555.442656218	71.0	40.56	28.18	57.24	56.92	213.7	45421900.MNS	NANO	2.01908072127e+13	311.0
ILA039	24.7633	121.7298	317	4	24.43635	121.909666667	24.15	6.24	222.8089	247.0	40.57	29.46	71.02	68.04	240.0	N1721900.SMT	SMTA	2.01908072127e+13	333.0
ILA025	24.6367	121.5737	417	5	24.43635	121.909666667	24.15	6.24	669.99	13.0	40.71	20.8	105.44	98.74	240.0	O1721900.SMT	SMTA	2.01908072127e+13	303.0
ILA016	24.7467	121.6907	309	4	24.43635	121.909666667	24.15	6.24	269.7101	208.2	41.03	31.86	54.46	58.7	223.2	30921900.MNS	NANO	2.01908072127e+13	327.0
ILA012	24.7783	121.744	079	5	24.43635	121.909666667	24.15	6.24	255.4818	248.0	41.58	25.98	59.6	100.84	83.0	07921900.CVA	CVA	2.01908072127e+13	336.0
ILA034	24.8017	121.8142	236	4	24.43635	121.909666667	24.15	6.24	217.6665	783.0	41.64	25.26	64.2	66.32	300.0	M3621900.SMT	SMTA	2.01908072127e+13	347.0
ILA036	24.7867	121.7595	082	5	24.43635	121.909666667	24.15	6.24	179.0237	447.0	41.76	29.52	72.52	80.46	86.0	08221900.CVA	CVA	2.01908072128e+13	339.0
HWA057	24.1583	121.623	320	4	24.43635	121.909666667	24.15	6.24	814.87	8.3	42.34	8.28	27.84	20.64	120.0	D2021900.SMT	SMTA	2.01908072127e+13	223.0
HWA046	24.1467	121.6292	380	4	24.43635	121.909666667	24.15	6.24	643.7078	119.5	42.8	13.16	24.1	27.76	205.3	38021901.MNS	NANO	2.01908072127e+13	222.0
HWA047	24.125	121.6548	366	3	24.43635	121.909666667	24.15	6.24	543.675244654	141.0	43.06	8.38	0.0	14.34	240.0	N6621900.SMT	SMTA	2.01908072127e+13	217.0
ILA015	24.7783	121.6992	425	4	24.43635	121.909666667	24.15	6.24	776.8007	18.5	43.53	20.54	55.72	38.04	240.0	O2521900.SMT	SMTA	2.01908072127e+13	331.0
ILA063	24.6117	121.5258	415	4	24.43635	121.909666667	24.15	6.24	1002.6738	14.5	43.54	18.42	44.96	43.1	240.0	O1521900.SMT	SMTA	2.01908072127e+13	297.0
ILA074	24.6017	121.5128	676	4	24.43635	121.909666667	24.15	6.24	0.0	0.0	44.22	18.78	21.84	33.9	120.0	G7621900.SMT	SMTA	2.01908072127e+13	295.0
ILA020	24.7533	121.6357	433	4	24.43635	121.909666667	24.15	6.24	453.549	45.0	44.8	22.9	65.26	67.82	206.4	43321900.MNS	NANO	2.01908072127e+13	322.0
ILA035	24.8217	121.7685	538	5	24.43635	121.909666667	24.15	6.24	293.0976	258.0	45.08	19.92	81.72	47.98	227.0	53821900.MNS	NANO	2.01908072127e+13	342.0
ILA069	24.8417	121.9437	673	4	24.43635	121.909666667	24.15	6.24	500.0	39.0	45.14	9.82	31.5	13.06	240.0	G7321900.SMT	SMTA	2.01908072127e+13	4.0
HWA069	24.1717	121.5713	375	4	24.43635	121.909666667	24.15	6.24	0.0	0.0	45.15	15.54	29.14	27.14	240.0	N7521900.SMT	SMTA	2.01908072127e+13	230.0
TRB040	24.825	121.7745	019	5	24.43635	121.909666667	24.15	6.24	0.0	0.0	45.21	19.82	82.66	59.16	86.0	01921900.CVA	CVA	2.01908072127e+13	342.0
HWA026	24.1167	121.6245	390	3	24.43635	121.909666667	24.15	6.24	460.9357	111.1	45.61	19.14	16.82	20.54	210.8	39021900.MNS	NANO	2.01908072127e+13	219.0
ILA002	24.8417	121.8048	355	4	24.43635	121.909666667	24.15	6.24	220.6775	242.0	46.28	16.8	70.0	66.2	217.8	35521900.MNS	NANO	2.01908072127e+13	347.0
ILA073	24.8533	121.8302	472	4	24.43635	121.909666667	24.15	6.24	0.0	0.0	46.9	21.34	50.02	48.56	240.0	O7221900.SMT	SMTA	2.01908072127e+13	350.0
ILA033	24.8617	121.8275	504	4	24.43635	121.909666667	24.15	6.24	253.5711	27.5	47.99	26.36	40.1	54.98	208.6	50421900.MNS	NANO	2.01908072127e+13	350.0
MTN135	24.7583	121.5875	410	4	24.43635	121.909666667	24.15	6.24	0.0	0.0	48.46	25.22	37.4	57.94	214.1	41021900.MNS	NANO	2.01908072127e+13	318.0
MTN129	24.4867	121.4267	109	3	24.43635	121.909666667	24.15	6.24	0.0	0.0	49.29	7.48	12.04	10.86	82.0	T109001.356	A900	2.01908072128e+13	277.0
HWA023	24.08	121.6045	488	2	24.43635	121.909666667	24.15	6.24	623.13	32.0	50.08	5.96	5.02	7.02	120.0	E8821900.SMT	SMTA	2.01908072127e+13	218.0
MTN139	24.65	121.4748	424	4	24.43635	121.909666667	24.15	6.24	0.0	0.0	50.09	21.82	39.92	54.68	207.6	42421900.MNS	NANO	2.01908072127e+13	298.0
HWA072	24.2067	121.4817	464	4	24.43635	121.909666667	24.15	6.24	0.0	0.0	50.33	14.4	26.64	20.84	240.0	O6421900.SMT	SMTA	2.01908072127e+13	240.0
MTN125	24.8367	121.6482	141	4	24.43635	121.909666667	24.15	6.24	0.0	0.0	51.72	31.86	76.78	77.3	207.5	14121900.MNS	NANO	2.01908072127e+13	329.0
HWA027	24.0533	121.5985	396	3	24.43635	121.909666667	24.15	6.24	434.5623	48.1	52.87	8.42	21.26	12.94	209.8	39621900.MNS	NANO	2.01908072127e+13	217.0
MTN160	24.205	121.4517	431	3	24.43635	121.909666667	24.15	6.24	0.0	0.0	53.0	4.16	11.18	8.36	197.5	43121900.MNS	NANO	2.01908072127e+13	241.0
MTN127	24.59	121.4118	184	4	24.43635	121.909666667	24.15	6.24	0.0	0.0	53.26	10.4	29.42	20.96	201.3	18421900.MNS	NANO	2.01908072127e+13	289.0
ILA067	24.4367	121.3813	411	4	24.43635	121.909666667	24.15	6.24	806.78	20.0	53.57	8.66	28.0	20.22	240.0	O1121900.SMT	SMTA	2.01908072127e+13	270.0
MND006	24.015	121.623	497	3	24.43635	121.909666667	24.15	6.24	0.0	0.0	54.88	7.22	20.74	12.42	62.0	T497001.219	A900	2.01908072128e+13	212.0
MND025	24.0267	121.5888	575	4	24.43635	121.909666667	24.15	6.24	0.0	0.0	55.76	15.14	25.56	29.5	68.0	T575001.356	A900	2.01908072128e+13	216.0
HWA028	24.0133	121.6095	335	3	24.43635	121.909666667	24.15	6.24	404.9129	221.1	55.8	7.26	15.7	13.54	218.6	33521900.MNS	NANO	2.01908072127e+13	213.0
TAP129	24.7767	121.5025	468	4	24.43635	121.909666667	24.15	6.24	0.0	0.0	55.9	24.52	44.06	37.34	240.0	O6821900.SMT	SMTA	2.01908072127e+13	312.0
HWA012	23.9917	121.6313	354	3	24.43635	121.909666667	24.15	6.24	409.7805	118.0	56.76	6.12	12.76	11.44	240.0	N5421900.SMT	SMTA	2.01908072127e+13	210.0
TRB042	24.0	121.6038	025	4	24.43635	121.909666667	24.15	6.24	0.0	0.0	57.42	9.38	16.9	30.4	75.0	02521900.CVA	CVA	2.01908072128e+13	213.0
HWA007	23.985	121.6262	125	3	24.43635	121.909666667	24.15	6.24	378.853107016	99.0	57.55	5.72	12.16	14.86	62.0	12521900.CVA	CVA	2.01908072128e+13	210.0
HWA048	24.0083	121.5805	121	3	24.43635	121.909666667	24.15	6.24	349.7937	255.0	57.9	6.94	16.02	15.68	71.0	12121900.CVA	CVA	2.01908072127e+13	215.0
MTN175	24.3667	121.339	007	3	24.43635	121.909666667	24.15	6.24	0.0	0.0	58.37	5.56	8.06	7.46	78.0	T007001.356	A900	2.01908072128e+13	263.0
HWA011	23.995	121.5948	131	4	24.43635	121.909666667	24.15	6.24	360.83714217	311.0	58.38	7.16	25.62	21.64	79.0	13121900.CVA	CVA	2.01908072128e+13	213.0
HWA062	23.9783	121.6198	675	3	24.43635	121.909666667	24.15	6.24	605.693519079	204.0	58.52	5.26	11.94	8.58	120.0	G7521900.SMT	SMTA	2.01908072128e+13	210.0
HWA063	23.9933	121.593	315	3	24.43635	121.909666667	24.15	6.24	288.926347075	257.6152	58.65	8.58	17.78	13.88	240.0	N1521900.SMT	SMTA	2.01908072127e+13	213.0
HWA008	23.9867	121.603	122	3	24.43635	121.909666667	24.15	6.24	297.02970297	202.0	58.68	9.6	14.7	14.0	77.0	12221900.CVA	CVA	2.01908072128e+13	212.0
MND016	23.9767	121.6158	060	3	24.43635	121.909666667	24.15	6.24	0.0	0.0	58.95	7.9	7.66	11.48	57.0	06021900.CVA	CVA	2.01908072128e+13	210.0
MTN105	24.8383	121.5285	255	4	24.43635	121.909666667	24.15	6.24	781.07	9.0	58.99	26.9	29.16	24.34	82.0	T255001.219	A900	2.01908072127e+13	319.0
TAP085	24.9383	121.7122	429	4	24.43635	121.909666667	24.15	6.24	895.1216	9.5	59.09	13.04	37.52	26.22	203.8	42921900.MNS	NANO	2.01908072127e+13	340.0
ILA054	24.97	121.9258	301	4	24.43635	121.909666667	24.15	6.24	783.09	9.5	59.17	9.0	24.2	33.34	120.0	D0121900.SMT	SMTA	2.01908072127e+13	2.0
HWA019	23.975	121.6135	201	3	24.43635	121.909666667	24.15	6.24	503.524672709	216.1	59.29	5.48	13.06	11.58	226.8	20121900.MNS	NANO	2.01908072127e+13	210.0
HWA050	23.9867	121.5908	118	4	24.43635	121.909666667	24.15	6.24	343.439358	188.8793	59.3	6.98	17.62	29.2	79.0	11821900.CVA	CVA	2.01908072128e+13	213.0
TAP124	24.8633	121.5533	574	4	24.43635	121.909666667	24.15	6.24	655.740832288	34.8246	59.51	17.2	27.74	25.82	197.4	57421900.MNS	NANO	2.01908072127e+13	323.0
HWA010	23.9783	121.6027	135	3	24.43635	121.909666667	24.15	6.24	249.677499896	186.0	59.55	5.68	18.1	12.6	73.0	13521900.CVA	CVA	2.01908072127e+13	212.0
TAP127	24.9717	121.8255	328	4	24.43635	121.909666667	24.15	6.24	0.0	0.0	59.92	11.92	24.54	28.76	240.0	D2821900.SMT	SMTA	2.01908072127e+13	352.0
HWA013	23.975	121.5985	374	3	24.43635	121.909666667	24.15	6.24	336.757029803	330.4	60.03	6.82	16.52	16.82	300.0	N7421900.SMT	SMTA	2.01908072127e+13	212.0
HWA014	23.97	121.6057	136	3	24.43635	121.909666667	24.15	6.24	279.955207167	267.0	60.07	8.14	17.46	12.76	73.0	13621900.CVA	CVA	2.01908072128e+13	211.0
HWA049	23.9917	121.5645	373	3	24.43635	121.909666667	24.15	6.24	509.337860781	203.0	60.32	5.24	8.48	10.14	240.0	N7321900.SMT	SMTA	2.01908072127e+13	216.0
TCU085	24.6733	121.3665	383	3	24.43635	121.909666667	24.15	6.24	1037.8827	12.5	60.98	13.22	24.44	24.86	240.0	N8321900.SMT	SMTA	2.01908072127e+13	296.0
MTN174	24.375	121.305	147	3	24.43635	121.909666667	24.15	6.24	0.0	0.0	61.69	5.42	9.64	9.22	203.8	14721900.MNS	NANO	2.01908072127e+13	264.0
TCU188	24.3367	121.308	322	3	24.43635	121.909666667	24.15	6.24	0.0	0.0	62.0	6.94	22.32	14.5	180.0	D2221900.SMT	SMTA	2.01908072127e+13	260.0
HWA015	23.9717	121.5627	337	3	24.43635	121.909666667	24.15	6.24	445.5997	244.0	62.27	5.34	10.54	8.72	120.0	D3721900.SMT	SMTA	2.01908072127e+13	214.0
HWA016	23.9617	121.5685	127	3	24.43635	121.909666667	24.15	6.24	579.598145286	51.4122	62.83	5.54	12.46	8.94	54.0	12721900.CVA	CVA	2.01908072128e+13	213.0
TAP036	24.9017	121.5535	381	4	24.43635	121.909666667	24.15	6.24	535.123286823	64.0126	62.96	20.0	47.58	31.08	240.0	N8121900.SMT	SMTA	2.01908072127e+13	325.0
MTN134	24.5783	121.3033	414	4	24.43635	121.909666667	24.15	6.24	0.0	0.0	63.47	13.86	28.5	31.7	214.7	41421900.MNS	NANO	2.01908072127e+13	285.0
TAP074	24.9517	121.6367	413	4	24.43635	121.909666667	24.15	6.24	984.52	10.0	63.55	24.78	43.66	44.14	240.0	O1321900.SMT	SMTA	2.01908072127e+13	334.0
TAP069	25.0067	121.9972	150	3	24.43635	121.909666667	24.15	6.24	804.56	29.0	63.81	3.5	10.22	13.86	60.0	L5021900.SMT	SMTA	2.01908072128e+13	8.0
MTN141	24.3167	121.2935	077	3	24.43635	121.909666667	24.15	6.24	0.0	0.0	63.88	5.4	9.2	10.56	72.0	T077001.356	A900	2.01908072128e+13	258.0
TAP113	24.9817	121.6892	153	4	24.43635	121.909666667	24.15	6.24	612.8077	17.0	64.41	21.66	33.44	23.5	240.0	L5321900.SMT	SMTA	2.01908072127e+13	340.0
TAP080	25.0167	121.9488	229	4	24.43635	121.909666667	24.15	6.24	401.7678	25.5	64.44	18.46	41.18	31.46	206.6	22921900.MNS	NANO	2.01908072127e+13	4.0
MTN116	25.0017	121.7472	407	4	24.43635	121.909666667	24.15	6.24	821.6	19.0	64.74	37.66	53.62	53.22	210.0	40721900.MNS	NANO	2.01908072127e+13	345.0
TAP079	25.0217	121.9147	294	4	24.43635	121.909666667	24.15	6.24	584.67	16.0	64.86	10.78	40.26	23.98	240.0	M9421900.SMT	SMTA	2.01908072127e+13	0.0
HWA029	23.935	121.5777	388	3	24.43635	121.909666667	24.15	6.24	597.1338	195.0	64.94	3.46	8.24	7.84	207.8	38821900.MNS	NANO	2.01908072127e+13	211.0
TCU195	24.6067	121.2957	462	4	24.43635	121.909666667	24.15	6.24	0.0	0.0	65.02	7.04	21.9	26.6	240.0	O6221900.SMT	SMTA	2.01908072127e+13	287.0
TAP035	24.9217	121.5463	105	5	24.43635	121.909666667	24.15	6.24	404.6945	52.0	65.19	50.56	91.68	53.68	213.5	10521900.MNS	NANO	2.01908072127e+13	326.0
HWA017	23.9467	121.547	134	2	24.43635	121.909666667	24.15	6.24	584.6815	60.0	65.43	4.06	7.36	6.72	51.0	13421900.CVA	CVA	2.01908072128e+13	214.0
TRB010	25.0267	121.8732	015	4	24.43635	121.909666667	24.15	6.24	0.0	0.0	65.62	16.14	45.84	20.48	62.0	01521900.CVA	CVA	2.01908072128e+13	357.0
MTN138	24.7367	121.35	418	3	24.43635	121.909666667	24.15	6.24	0.0	0.0	65.79	8.5	22.38	16.5	197.2	41821900.MNS	NANO	2.01908072127e+13	301.0
MTN106	25.0283	121.8322	017	4	24.43635	121.909666667	24.15	6.24	826.77	37.3	66.13	27.68	42.04	37.9	88.0	T017001.356	A900	2.01908072128e+13	353.0
MTN123	24.9333	121.5475	393	5	24.43635	121.909666667	24.15	6.24	0.0	0.0	66.17	30.06	96.76	73.72	213.1	39321900.MNS	NANO	2.01908072127e+13	326.0
TAP086	24.95	121.5755	339	4	24.43635	121.909666667	24.15	6.24	942.8038	21.0	66.22	24.6	29.03	31.62	160.0	33921900.MNS	NANO	2.01908072127e+13	329.0
TAP078	25.0333	121.8667	249	4	24.43635	121.909666667	24.15	6.24	738.9	21.0	66.29	13.68	40.32	24.82	208.5	24921900.MNS	NANO	2.01908072127e+13	356.0
TAP105	25.0417	121.9228	567	3	24.43635	121.909666667	24.15	6.24	1464.83	2.0	66.37	6.28	17.24	13.62	50.0	T567001.219	A900	2.01908072127e+13	1.0
MTN137	24.66	121.3012	411	3	24.43635	121.909666667	24.15	6.24	0.0	0.0	66.44	6.96	10.08	11.18	196.2	41121900.MNS	NANO	2.01908072127e+13	292.0
TAP072	24.99	121.6587	223	4	24.43635	121.909666667	24.15	6.24	835.24	8.0	66.45	14.5	55.62	36.94	205.8	22321900.MNS	NANO	2.01908072127e+13	338.0
MTN122	24.8533	121.437	402	4	24.43635	121.909666667	24.15	6.24	848.17	9.0	66.54	10.28	21.2	26.68	205.0	40221900.MNS	NANO	2.01908072127e+13	314.0
HWA060	23.9033	121.6017	538	3	24.43635	121.909666667	24.15	6.24	555.88	36.0	66.8	5.9	14.34	18.66	120.0	F3821900.SMT	SMTA	2.01908072128e+13	208.0
MTN145	24.18	121.3123	423	3	24.43635	121.909666667	24.15	6.24	0.0	0.0	66.9	6.96	10.9	7.94	209.0	42321900.MNS	NANO	2.01908072127e+13	245.0
TAP073	25.0067	121.6885	326	4	24.43635	121.909666667	24.15	6.24	659.15	22.0	67.11	19.6	58.64	48.02	240.0	N2621900.SMT	SMTA	2.01908072127e+13	341.0
HWA058	23.965	121.4928	532	3	24.43635	121.909666667	24.15	6.24	525.6702	71.0	67.15	6.22	9.96	13.0	120.0	F3221900.SMT	SMTA	2.01908072127e+13	219.0
TAP075	25.0267	121.7365	450	4	24.43635	121.909666667	24.15	6.24	851.06	30.0	67.8	23.28	46.84	46.38	214.5	45021900.MNS	NANO	2.01908072127e+13	345.0
TAP067	24.9767	121.5922	291	3	24.43635	121.909666667	24.15	6.24	814.9959	12.5	68.04	20.28	22.96	16.88	120.0	C9121900.SMT	SMTA	2.01908072127e+13	332.0
TAP034	24.9533	121.539	225	4	24.43635	121.909666667	24.15	6.24	372.223967384	195.0	68.47	31.74	46.08	39.02	211.3	22521900.MNS	NANO	2.01908072127e+13	327.0
TAP071	25.0017	121.6167	220	4	24.43635	121.909666667	24.15	6.24	831.3704	35.4	69.28	19.26	44.56	49.24	211.7	22021900.MNS	NANO	2.01908072127e+13	335.0
TAP077	25.0617	121.8512	235	4	24.43635	121.909666667	24.15	6.24	992.3917	5.5	69.61	14.36	30.64	31.48	240.0	M3521900.SMT	SMTA	2.01908072127e+13	355.0
HWA068	23.8967	121.5508	463	3	24.43635	121.909666667	24.15	6.24	0.0	0.0	69.95	4.66	7.86	9.12	225.7	46321900.MNS	NANO	2.01908072127e+13	211.0
MTN111	24.8717	121.4053	080	3	24.43635	121.909666667	24.15	6.24	814.05	12.0	70.26	9.3	20.56	16.42	76.0	T080001.356	A900	2.01908072128e+13	313.0
HWA018	23.9033	121.5325	111	3	24.43635	121.909666667	24.15	6.24	462.5699	224.0	70.26	4.62	8.2	5.48	54.0	11121900.CVA	CVA	2.01908072128e+13	213.0
TAP101	25.0	121.5847	459	4	24.43635	121.909666667	24.15	6.24	427.857668648	126.0	70.65	31.96	57.06	58.04	240.0	O5921900.SMT	SMTA	2.01908072127e+13	332.0
MTN172	24.2467	121.2442	399	3	24.43635	121.909666667	24.15	6.24	0.0	0.0	70.69	4.92	8.48	5.62	202.9	39921900.MNS	NANO	2.01908072127e+13	253.0
TCU206	24.2467	121.2437	196	3	24.43635	121.909666667	24.15	6.24	0.0	0.0	70.74	3.96	11.42	7.16	240.0	L9621900.SMT	SMTA	2.01908072127e+13	253.0
TAP033	24.9783	121.5382	315	4	24.43635	121.909666667	24.15	6.24	486.3419	235.0	70.86	44.8	73.72	65.96	212.9	31521900.MNS	NANO	2.01908072127e+13	328.0
TCU186	24.7983	121.3313	447	3	24.43635	121.909666667	24.15	6.24	0.0	0.0	71.01	7.54	16.46	17.62	240.0	O4721900.SMT	SMTA	2.01908072127e+13	304.0
TAP119	24.9833	121.5415	285	4	24.43635	121.909666667	24.15	6.24	354.318492468	95.0	71.12	24.1	50.56	40.34	240.0	C8521900.SMT	SMTA	2.01908072127e+13	328.0
MTN152	25.0	121.5683	088	4	24.43635	121.909666667	24.15	6.24	0.0	0.0	71.36	24.62	68.22	66.24	90.0	T088001.356	A900	2.01908072128e+13	331.0
TAP103	25.07	121.7813	235	4	24.43635	121.909666667	24.15	6.24	444.9388	89.0	71.54	33.32	43.86	38.6	180.0	C3521900.SMT	SMTA	2.01908072127e+13	350.0
MTN153	24.7133	121.2692	166	2	24.43635	121.909666667	24.15	6.24	0.0	0.0	71.79	5.9	7.02	7.4	71.0	T166001.219	A900	2.01908072128e+13	295.0
MTN121	25.0367	121.6412	165	4	24.43635	121.909666667	24.15	6.24	0.0	0.0	71.95	11.38	25.26	22.54	88.0	T165001.356	A900	2.01908072128e+13	338.0
TCU130	24.1433	121.2725	540	3	24.43635	121.909666667	24.15	6.24	629.37	21.0	72.36	6.26	12.28	16.98	180.0	F4021900.SMT	SMTA	2.01908072127e+13	243.0
HWA051	23.8667	121.5568	206	3	24.43635	121.909666667	24.15	6.24	449.7421	67.0	72.47	4.66	12.64	12.06	120.0	C0621900.SMT	SMTA	2.01908072128e+13	210.0
TAP030	24.9967	121.5387	336	5	24.43635	121.909666667	24.15	6.24	358.299851045	115.0	72.64	28.02	86.12	75.56	240.0	N3621900.SMT	SMTA	2.01908072127e+13	329.0
TAP029	25.0067	121.5353	198	4	24.43635	121.909666667	24.15	6.24	310.233638625	124.0	73.69	29.36	46.34	49.34	216.7	19821900.MNS	NANO	2.01908072127e+13	329.0
TAP117	25.0133	121.5397	083	4	24.43635	121.909666667	24.15	6.24	408.230465756	146.0	74.15	26.9	60.34	39.84	30.0	T496001.219	A900	2.01908072128e+13	330.0
TAP057	25.08	121.6942	330	5	24.43635	121.909666667	24.15	6.24	366.57	88.0	74.55	23.84	97.24	53.56	219.3	33021900.MNS	NANO	2.01908072127e+13	343.0
TAP125	25.0667	121.6548	175	5	24.43635	121.909666667	24.15	6.24	413.847671715	124.769	74.55	47.68	83.38	59.92	216.3	17521900.MNS	NANO	2.01908072127e+13	340.0
TAP027	24.9983	121.502	347	4	24.43635	121.909666667	24.15	6.24	195.6507	99.0	74.78	26.02	59.94	53.22	222.7	34721900.MNS	NANO	2.01908072127e+13	327.0
TRB012	25.0517	121.6072	035	4	24.43635	121.909666667	24.15	6.24	0.0	0.0	74.83	0.0	43.98	55.04	85.0	03521900.CVA	CVA	2.01908072127e+13	336.0
MTN110	24.9317	121.408	084	4	24.43635	121.909666667	24.15	6.24	0.0	0.0	74.83	17.06	42.88	33.26	90.0	T084001.219	A900	2.01908072128e+13	317.0
MND015	25.045	121.5912	057	4	24.43635	121.909666667	24.15	6.24	0.0	0.0	74.85	16.04	55.36	57.02	72.0	05721900.CVA	CVA	2.01908072127e+13	335.0
TAP046	25.1017	121.7772	224	4	24.43635	121.909666667	24.15	6.24	822.03	10.5	75.0	26.56	30.5	39.58	210.1	22421900.MNS	NANO	2.01908072127e+13	350.0
TAP045	25.1083	121.823	150	4	24.43635	121.909666667	24.15	6.24	987.65	12.0	75.08	31.48	27.64	30.32	201.1	15021900.MNS	NANO	2.01908072127e+13	353.0
TRB009	25.1083	121.8058	012	4	24.43635	121.909666667	24.15	6.24	0.0	0.0	75.23	29.52	28.92	23.62	65.0	01221900.CVA	CVA	2.01908072128e+13	352.0
TAP131	25.0567	121.6102	384	5	24.43635	121.909666667	24.15	6.24	0.0	0.0	75.25	33.54	56.64	107.92	240.0	N8421900.SMT	SMTA	2.01908072127e+13	336.0
TAP109	25.04	121.5692	365	4	24.43635	121.909666667	24.15	6.24	406.186470469	212.0	75.3	32.04	40.58	71.56	180.0	D6521900.SMT	SMTA	2.01908072127e+13	333.0
TRB011	25.095	121.7157	017	4	24.43635	121.909666667	24.15	6.24	0.0	0.0	75.55	16.34	56.6	29.52	67.0	01721900.CVA	CVA	2.01908072125e+13	345.0
TAP021	25.035	121.552	423	4	24.43635	121.909666667	24.15	6.24	165.3076	306.0	75.59	28.02	61.34	49.5	300.0	O2321900.SMT	SMTA	2.01908072127e+13	331.0
TAP015	25.05	121.5795	115	5	24.43635	121.909666667	24.15	6.24	208.0805	198.0	75.78	29.16	48.14	106.16	216.0	11521900.MNS	NANO	2.01908072127e+13	334.0
TAP032	24.9983	121.4828	124	5	24.43635	121.909666667	24.15	6.24	314.8615	163.6	75.88	45.36	117.28	110.86	222.8	12421900.MNS	NANO	2.01908072127e+13	325.0
TAP070	25.1217	121.9197	364	3	24.43635	121.909666667	24.15	6.24	701.67	14.0	75.94	7.9	20.86	18.54	200.2	36421900.MNS	NANO	2.01908072127e+13	1.0
TAP115	24.9883	121.465	194	5	24.43635	121.909666667	24.15	6.24	462.091441785	44.0	76.04	32.42	89.78	78.88	223.8	19421900.MNS	NANO	2.01908072127e+13	324.0
TAP063	25.105	121.7382	382	4	24.43635	121.909666667	24.15	6.24	631.78	12.0	76.12	24.16	37.12	32.52	208.1	38221900.MNS	NANO	2.01908072127e+13	347.0
TAP020	25.0367	121.5343	284	4	24.43635	121.909666667	24.15	6.24	224.1817	471.0	76.67	21.28	74.46	68.54	180.0	C8421900.SMT	SMTA	2.01908072127e+13	330.0
TAP025	25.0217	121.498	278	5	24.43635	121.909666667	24.15	6.24	250.1775	314.0	77.17	73.74	98.38	39.48	120.0	C7821900.SMT	SMTA	2.01908072128e+13	327.0
TAP014	25.055	121.5522	343	4	24.43635	121.909666667	24.15	6.24	192.1414	311.0	77.63	25.4	55.58	67.46	180.0	D4321900.SMT	SMTA	2.01908072127e+13	332.0
TAP039	24.935	121.3695	136	4	24.43635	121.909666667	24.15	6.24	661.5944	72.0	77.71	12.66	16.28	28.96	215.8	13621900.MNS	NANO	2.01908072127e+13	315.0
TAP121	25.1283	121.7838	351	4	24.43635	121.909666667	24.15	6.24	583.95	56.0	77.72	21.0	31.88	40.22	208.6	35121900.MNS	NANO	2.01908072127e+13	351.0
TAP001	25.0367	121.5138	421	4	24.43635	121.909666667	24.15	6.24	177.424860798	555.0	77.72	47.58	78.74	38.58	222.0	42121900.MNS	NANO	2.01908072127e+13	329.0
TAP054	24.9967	121.4418	210	4	24.43635	121.909666667	24.15	6.24	309.7414	195.0	78.13	25.84	79.18	57.06	180.0	C1021900.SMT	SMTA	2.01908072127e+13	323.0
TAP024	25.0183	121.4747	231	5	24.43635	121.909666667	24.15	6.24	187.8405	435.7438	78.13	45.64	87.66	68.2	235.6	23121900.MNS	NANO	2.01908072127e+13	326.0
TAP061	25.1317	121.7608	166	4	24.43635	121.909666667	24.15	6.24	490.46	34.0	78.48	13.38	35.3	46.3	211.6	16621900.MNS	NANO	2.01908072127e+13	349.0
TRB001	25.0467	121.517	032	5	24.43635	121.909666667	24.15	6.24	0.0	0.0	78.5	42.3	83.4	60.5	73.0	03221900.CVA	CVA	2.01908072126e+13	330.0
TAP013	25.055	121.5337	287	4	24.43635	121.909666667	24.15	6.24	207.929	242.0	78.52	36.26	74.02	54.02	180.0	C8721900.SMT	SMTA	2.01908072127e+13	331.0
TAP019	25.0367	121.496	578	5	24.43635	121.909666667	24.15	6.24	225.2252	401.0	78.57	58.42	114.16	70.98	71.0	F7835600.EVT	ETNA	2.01908072128e+13	328.0
TAP009	25.0783	121.581	136	5	24.43635	121.909666667	24.15	6.24	187.5938	94.0	78.6	63.64	88.8	66.24	180.0	B3621900.SMT	SMTA	2.01908072127e+13	335.0
TAP058	25.125	121.722	367	3	24.43635	121.909666667	24.15	6.24	1056.71	15.5	78.61	9.36	11.18	14.08	204.3	36721900.MNS	NANO	2.01908072127e+13	346.0
TAP111	25.13	121.7462	432	3	24.43635	121.909666667	24.15	6.24	390.603538158	118.8	78.63	11.86	12.08	23.8	240.0	O3221900.SMT	SMTA	2.01908072127e+13	348.0
TCU088	24.2483	121.1618	514	3	24.43635	121.909666667	24.15	6.24	569.88	19.0	78.65	4.06	8.44	6.12	60.0	F1421900.SMT	SMTA	2.01908072128e+13	255.0
TAP044	24.9733	121.4023	317	4	24.43635	121.909666667	24.15	6.24	472.9996	176.0	78.69	14.6	28.52	39.08	220.8	31721900.MNS	NANO	2.01908072127e+13	319.0
TAP043	24.9883	121.418	148	4	24.43635	121.909666667	24.15	6.24	382.6301	183.0	78.94	24.42	61.58	38.28	224.2	14821900.MNS	NANO	2.01908072127e+13	321.0
TAP107	25.1317	121.7407	197	4	24.43635	121.909666667	24.15	6.24	471.817491878	42.9	79.02	11.5	18.44	30.44	120.0	B9721900.SMT	SMTA	2.01908072127e+13	348.0
TAP012	25.0533	121.5168	292	4	24.43635	121.909666667	24.15	6.24	207.3687	360.0	79.13	46.5	56.14	60.08	240.0	M9221900.SMT	SMTA	2.01908072127e+13	330.0
TCU025	24.705	121.1832	421	3	24.43635	121.909666667	24.15	6.24	506.47	29.0	79.4	5.32	11.3	11.78	240.0	O2121900.SMT	SMTA	2.01908072127e+13	292.0
TCU161	24.8183	121.2435	349	3	24.43635	121.909666667	24.15	6.24	662.15	12.0	79.69	6.28	22.28	17.98	240.0	N4921900.SMT	SMTA	2.01908072127e+13	302.0
TAP093	25.0833	121.566	582	5	24.43635	121.909666667	24.15	6.24	193.5796	172.0	79.73	25.92	101.12	76.24	91.0	F8221900.EVT	ETNA	2.0190807212e+13	334.0
MTN169	24.1467	121.1892	153	3	24.43635	121.909666667	24.15	6.24	0.0	0.0	79.8	6.68	14.48	12.34	79.0	T153001.356	A900	2.01908072128e+13	246.0
HWA074	23.7867	121.5627	334	3	24.43635	121.909666667	24.15	6.24	0.0	0.0	80.05	4.74	11.68	8.62	120.0	D3421901.SMT	SMTA	2.01908072128e+13	206.0
TAP065	25.1483	121.7733	250	3	24.43635	121.909666667	24.15	6.24	1034.6611	9.5	80.17	8.38	9.8	17.46	120.0	C5021900.SMT	SMTA	2.01908072127e+13	350.0
TCU011	24.8833	121.2865	164	3	24.43635	121.909666667	24.15	6.24	811.1397	16.0	80.24	14.88	23.98	23.54	215.5	16421900.MNS	NANO	2.01908072127e+13	308.0
MTN143	24.7583	121.1997	418	4	24.43635	121.909666667	24.15	6.24	0.0	0.0	80.33	12.02	19.04	42.52	85.0	T418001.356	A900	2.01908072128e+13	296.0
TAP011	25.055	121.4967	989	4	24.43635	121.909666667	24.15	6.24	211.0818	382.0	80.4	31.5	43.48	33.08	73.0	98935600.EVT	ETNA	2.01908072128e+13	329.0
TAP047	24.9517	121.3445	109	3	24.43635	121.909666667	24.15	6.24	571.211	124.0	80.81	12.64	14.56	22.12	215.7	10921900.MNS	NANO	2.01908072127e+13	315.0
MND003	25.0817	121.5377	482	4	24.43635	121.909666667	24.15	6.24	0.0	0.0	80.86	26.82	34.76	30.62	52.0	T482001.219	A900	2.01908072128e+13	332.0
TAP007	25.0733	121.5168	138	4	24.43635	121.909666667	24.15	6.24	204.3179	231.0	80.99	29.52	76.86	77.68	80.0	13835600.CVA	CVA	2.01908072128e+13	331.0
TCU147	24.8567	121.2553	344	4	24.43635	121.909666667	24.15	6.24	538.1166	83.0	81.02	11.46	25.6	22.0	240.0	N4421900.SMT	SMTA	2.01908072127e+13	305.0
MTN136	24.505	121.1132	022	3	24.43635	121.909666667	24.15	6.24	0.0	0.0	81.11	6.86	10.64	13.34	89.0	T022001.219	A900	2.01908072128e+13	275.0
TAP104	25.1533	121.7397	984	3	24.43635	121.909666667	24.15	6.24	714.96	47.0	81.33	9.38	0.0	23.52	61.0	98421900.EVT	ETNA	2.01908072128e+13	348.0
TAP037	25.0333	121.4415	340	4	24.43635	121.909666667	24.15	6.24	219.8773	205.0	81.43	16.54	36.26	26.02	214.7	34021900.MNS	NANO	2.01908072127e+13	324.0
TAP060	25.155	121.7303	154	3	24.43635	121.909666667	24.15	6.24	691.91	33.0	81.64	13.82	18.6	24.86	205.6	15421900.MNS	NANO	2.01908072127e+13	347.0
MND020	24.8783	121.265	058	4	24.43635	121.909666667	24.15	6.24	0.0	0.0	81.67	13.52	22.72	32.38	76.0	05821900.CVA	CVA	2.01908072128e+13	307.0
MTN104	25.105	121.5642	013	3	24.43635	121.909666667	24.15	6.24	0.0	0.0	81.98	9.9	19.3	20.2	18.0	T013001.219	A900	2.01908072227e+13	335.0
TAP098	25.1	121.5477	197	4	24.43635	121.909666667	24.15	6.24	525.775136788	53.0	82.17	21.96	74.02	58.4	240.0	L9721900.SMT	SMTA	2.01908072127e+13	334.0
TAP017	25.0517	121.4558	008	4	24.43635	121.909666667	24.15	6.24	221.3777	258.0	82.18	13.52	30.74	35.12	81.0	A0835600.EVT	ETNA	2.01908072128e+13	326.0
TAP010	25.065	121.4778	234	4	24.43635	121.909666667	24.15	6.24	217.5332	510.0	82.21	18.42	41.3	34.5	233.9	23421900.MNS	NANO	2.01908072127e+13	328.0
TAP059	25.155	121.6935	151	3	24.43635	121.909666667	24.15	6.24	450.55	31.0	82.64	9.58	24.18	23.02	208.9	15121900.MNS	NANO	2.01908072127e+13	345.0
MTN132	24.575	121.1058	209	2	24.43635	121.909666667	24.15	6.24	0.0	0.0	82.9	2.5	7.02	7.38	192.0	20921900.MNS	NANO	2.01908072127e+13	281.0
TCU012	24.935	121.2987	514	3	24.43635	121.909666667	24.15	6.24	644.7453	141.0	83.0	10.14	13.02	15.56	234.5	51421900.MNS	NANO	2.01908072127e+13	312.0
TAP006	25.0933	121.5152	305	4	24.43635	121.909666667	24.15	6.24	198.3733	182.0	83.06	20.14	30.32	41.56	180.0	D0521900.SMT	SMTA	2.01908072127e+13	331.0
TCU209	24.6317	121.1177	427	3	24.43635	121.909666667	24.15	6.24	0.0	0.0	83.11	6.6	9.46	9.54	240.0	O2721900.SMT	SMTA	2.01908072127e+13	285.0
TCU210	24.7767	121.1752	215	4	24.43635	121.909666667	24.15	6.24	0.0	0.0	83.4	13.66	26.02	23.1	300.0	C1521900.SMT	SMTA	2.01908072127e+13	297.0
HWA020	23.8117	121.4417	494	2	24.43635	121.909666667	24.15	6.24	629.590766002	10.8	83.93	2.54	3.38	4.48	60.0	E9421900.SMT	SMTA	2.01908072128e+13	215.0
TCU023	24.72	121.14	569	4	24.43635	121.909666667	24.15	6.24	555.1957	52.0	84.05	12.92	19.7	32.28	221.0	56921900.MNS	NANO	2.01908072127e+13	292.0
MTN162	24.085	121.1738	168	3	24.43635	121.909666667	24.15	6.24	0.0	0.0	84.19	5.16	5.28	8.0	201.1	16821900.MNS	NANO	2.01908072127e+13	243.0
TCU021	24.7917	121.174	170	4	24.43635	121.909666667	24.15	6.24	446.4286	25.0	84.26	13.4	26.62	17.52	210.4	17021900.MNS	NANO	2.01908072127e+13	298.0
TAP016	25.06	121.4312	235	4	24.43635	121.909666667	24.15	6.24	326.64	643.0	84.48	13.74	29.14	16.74	232.6	23521900.MNS	NANO	2.01908072127e+13	325.0
TCU191	24.0817	121.1723	314	2	24.43635	121.909666667	24.15	6.24	0.0	0.0	84.52	6.88	7.2	7.12	60.0	D1421900.SMT	SMTA	2.01908072128e+13	242.0
TCU013	24.8633	121.2133	162	3	24.43635	121.909666667	24.15	6.24	462.349805528	91.0	84.88	13.34	24.48	0.0	217.0	16221900.MNS	NANO	2.01908072127e+13	304.0
TCU193	24.5783	121.0863	343	3	24.43635	121.909666667	24.15	6.24	0.0	0.0	84.92	7.68	13.4	13.2	240.0	N4321900.SMT	SMTA	2.01908072127e+13	281.0
TAP003	25.085	121.4572	217	4	24.43635	121.909666667	24.15	6.24	209.3656	626.0	85.28	15.08	32.9	29.9	210.4	21721900.MNS	NANO	2.01908072127e+13	328.0
HWA030	23.7833	121.456	356	2	24.43635	121.909666667	24.15	6.24	594.059405941	145.0	85.71	3.12	5.14	4.34	185.7	35621900.MNS	NANO	2.01908072127e+13	213.0
TAP004	25.105	121.4828	242	3	24.43635	121.909666667	24.15	6.24	195.5289	258.0	85.74	10.68	21.6	23.42	247.8	24221900.MNS	NANO	2.01908072127e+13	330.0
TAP096	25.1183	121.5048	301	4	24.43635	121.909666667	24.15	6.24	161.0393	145.0	85.94	16.92	23.84	26.96	240.0	N0121900.SMT	SMTA	2.01908072127e+13	332.0
TCU007	24.9983	121.318	113	5	24.43635	121.909666667	24.15	6.24	427.474359186	154.0	86.44	15.32	81.58	39.48	224.2	11321900.MNS	NANO	2.01908072127e+13	316.0
TAP051	25.0983	121.4492	486	3	24.43635	121.909666667	24.15	6.24	401.8216	155.0	86.99	13.52	24.62	15.14	219.8	48621900.MNS	NANO	2.01908072127e+13	328.0
HWA067	23.7533	121.4688	379	2	24.43635	121.909666667	24.15	6.24	0.0	0.0	87.81	3.06	5.78	5.76	202.1	37921901.MNS	NANO	2.01908072127e+13	211.0
TCU163	24.9983	121.2977	185	4	24.43635	121.909666667	24.15	6.24	641.5	91.0	87.92	10.96	39.48	43.62	120.0	B8521900.SMT	SMTA	2.01908072128e+13	315.0
MTN142	24.7767	121.123	338	4	24.43635	121.909666667	24.15	6.24	0.0	0.0	88.14	21.6	42.04	45.8	238.4	33821900.MNS	NANO	2.01908072127e+13	295.0
TAP114	25.2017	121.6607	467	3	24.43635	121.909666667	24.15	6.24	722.28	43.0	88.48	5.64	16.42	13.94	240.0	O6721900.SMT	SMTA	2.01908072127e+13	343.0
TCU091	24.98	121.27	192	4	24.43635	121.909666667	24.15	6.24	625.61	72.0	88.48	15.1	45.12	44.76	236.4	19221900.MNS	NANO	2.01908072127e+13	313.0
TAP002	25.125	121.4668	431	4	24.43635	121.909666667	24.15	6.24	373.9483	563.0	88.53	19.48	49.24	47.58	300.0	O3121900.SMT	SMTA	2.01908072127e+13	330.0
TAP087	25.1	121.4233	191	4	24.43635	121.909666667	24.15	6.24	510.681264051	72.9308	88.59	25.94	48.76	31.74	120.0	B9121900.SMT	SMTA	2.01908072128e+13	326.0
TAP052	25.08	121.3897	186	4	24.43635	121.909666667	24.15	6.24	434.4049	68.0	88.6	15.48	45.64	41.42	212.3	18621900.MNS	NANO	2.01908072127e+13	324.0
TAP042	25.125	121.464	375	4	24.43635	121.909666667	24.15	6.24	509.652968532	271.0	88.65	10.98	21.64	25.68	228.9	37521900.MNS	NANO	2.01908072127e+13	329.0
HWA043	23.7067	121.5475	516	2	24.43635	121.909666667	24.15	6.24	544.4646098	52.0	88.69	2.88	6.98	6.24	60.0	F1621906.SMT	SMTA	2.01908072128e+13	205.0
TAP106	25.1333	121.4727	581	4	24.43635	121.909666667	24.15	6.24	529.869803203	155.0	89.07	27.48	32.36	46.6	73.0	F8135600.EVT	ETNA	2.01908072128e+13	330.0
TAP094	25.14	121.4832	244	4	24.43635	121.909666667	24.15	6.24	409.86	596.0	89.14	13.0	31.4	21.78	229.1	24421900.MNS	NANO	2.01908072127e+13	331.0
TCU092	25.01	121.2868	306	4	24.43635	121.909666667	24.15	6.24	644.2	79.0	89.51	13.0	58.36	43.7	230.9	30621900.MNS	NANO	2.01908072127e+13	315.0
TCU024	24.735	121.0882	359	4	24.43635	121.909666667	24.15	6.24	383.2152	39.0	89.56	14.5	55.18	48.12	120.0	D5921900.SMT	SMTA	2.01908072128e+13	292.0
MND009	25.0933	121.3882	493	4	24.43635	121.909666667	24.15	6.24	0.0	0.0	89.89	13.04	50.44	42.8	63.0	T493001.219	A900	2.01908072128e+13	324.0
TCU009	24.9617	121.2283	333	4	24.43635	121.909666667	24.15	6.24	465.9832	112.0	90.29	11.84	40.26	18.92	234.0	19321900.MNS	NANO	2.01908072127e+13	310.0
TCU014	25.0433	121.3153	107	4	24.43635	121.909666667	24.15	6.24	523.2406	19.0	90.32	16.7	59.46	36.02	225.5	10721900.MNS	NANO	2.01908072127e+13	318.0
MTN117	25.1583	121.4768	091	4	24.43635	121.909666667	24.15	6.24	0.0	0.0	91.18	22.32	48.04	43.72	90.0	T091001.356	A900	2.01908072128e+13	331.0
TAP066	25.1817	121.5293	299	3	24.43635	121.909666667	24.15	6.24	657.9669	20.9	91.19	5.24	10.78	6.1	120.0	C9921900.SMT	SMTA	2.01908072127e+13	335.0
TAP084	25.2217	121.6373	248	4	24.43635	121.909666667	24.15	6.24	204.0816	226.0	91.35	9.74	24.3	38.7	227.7	24821900.MNS	NANO	2.01908072127e+13	342.0
TCU175	24.9517	121.2045	459	4	24.43635	121.909666667	24.15	6.24	0.0	0.0	91.47	11.74	41.42	24.76	229.5	45921900.MNS	NANO	2.01908072127e+13	309.0
TCU028	24.7	121.0535	171	4	24.43635	121.909666667	24.15	6.24	524.9344	38.0	91.51	18.72	74.34	47.94	234.2	17121900.MNS	NANO	2.01908072127e+13	289.0
TCU026	24.7733	121.0837	316	4	24.43635	121.909666667	24.15	6.24	606.4894	59.0	91.61	13.18	32.56	26.42	232.4	31621900.MNS	NANO	2.01908072127e+13	294.0
TAP049	25.1467	121.4455	106	4	24.43635	121.909666667	24.15	6.24	528.156445415	89.0	91.63	20.52	37.7	41.56	233.7	10621900.MNS	NANO	2.01908072127e+13	329.0
TCU202	23.9533	121.1758	286	2	24.43635	121.909666667	24.15	6.24	0.0	0.0	91.68	3.2	4.74	3.66	60.0	C8621900.SMT	SMTA	2.01908072128e+13	234.0
TCU176	25.0233	121.2583	466	4	24.43635	121.909666667	24.15	6.24	0.0	0.0	92.69	8.5	27.68	18.8	225.3	46621900.MNS	NANO	2.01908072127e+13	315.0
TCU006	24.9083	121.1493	122	4	24.43635	121.909666667	24.15	6.24	612.0575	19.0	93.1	11.64	26.24	22.2	220.6	12221900.MNS	NANO	2.01908072127e+13	304.0
TAP128	25.1633	121.4492	372	4	24.43635	121.909666667	24.15	6.24	0.0	0.0	93.11	19.76	33.54	23.28	240.0	N7221900.SMT	SMTA	2.01908072127e+13	330.0
TAP055	25.1633	121.4488	138	4	24.43635	121.909666667	24.15	6.24	731.55	16.0	93.18	23.32	36.82	27.8	219.4	13821900.MNS	NANO	2.01908072127e+13	330.0
TCU083	24.9667	121.1943	247	4	24.43635	121.909666667	24.15	6.24	370.7136	87.0	93.26	9.04	36.78	20.18	180.0	C4721900.SMT	SMTA	2.01908072127e+13	309.0
TCU197	24.6467	121.0163	465	3	24.43635	121.909666667	24.15	6.24	0.0	0.0	93.46	7.62	18.16	14.36	240.0	O6521900.SMT	SMTA	2.01908072127e+13	284.0
TCU094	24.7667	121.0582	187	3	24.43635	121.909666667	24.15	6.24	581.4517	119.0	93.68	8.76	19.34	15.94	228.4	18721900.MNS	NANO	2.01908072127e+13	293.0
TCU127	24.6283	121.0088	668	3	24.43635	121.909666667	24.15	6.24	807.6457	29.0	93.75	7.9	16.22	24.3	120.0	G6821900.SMT	SMTA	2.01908072127e+13	283.0
TCU169	24.3967	120.9858	537	4	24.43635	121.909666667	24.15	6.24	0.0	0.0	93.78	5.96	52.2	38.8	120.0	F3721900.SMT	SMTA	2.01908072128e+13	267.0
TAP050	25.15	121.4042	219	5	24.43635	121.909666667	24.15	6.24	281.003824965	113.0	94.13	25.6	47.22	87.6	225.2	21921900.MNS	NANO	2.01908072127e+13	327.0
TAP040	25.1717	121.4417	104	4	24.43635	121.909666667	24.15	6.24	432.526	32.0	94.29	23.82	30.84	32.88	214.6	10421900.MNS	NANO	2.01908072127e+13	330.0
TCU095	24.6883	121.02	582	4	24.43635	121.909666667	24.15	6.24	454.0982	93.3	94.35	11.72	64.34	41.7	229.5	58221900.MNS	NANO	2.01908072127e+13	287.0
TCU008	25.0067	121.2145	179	4	24.43635	121.909666667	24.15	6.24	468.182283337	70.0	94.55	8.7	28.84	22.52	227.6	17921900.MNS	NANO	2.01908072127e+13	312.0
HWA044	23.6517	121.5363	327	2	24.43635	121.909666667	24.15	6.24	533.049040512	36.0	94.84	1.54	4.16	4.22	182.0	32721903.MNS	NANO	2.01908072127e+13	204.0
TCU027	24.83	121.0745	368	3	24.43635	121.909666667	24.15	6.24	670.3911	20.0	95.14	13.34	19.22	21.1	220.2	36821900.MNS	NANO	2.01908072127e+13	297.0
MTN147	24.2017	121.006	076	2	24.43635	121.909666667	24.15	6.24	0.0	0.0	95.31	3.48	5.22	5.24	66.0	T076001.356	A900	2.01908072128e+13	254.0
MTN180	24.3883	120.9713	434	3	24.43635	121.909666667	24.15	6.24	0.0	0.0	95.31	3.98	8.38	7.92	192.9	43421900.MNS	NANO	2.01908072127e+13	267.0
TAP122	25.2717	121.6078	296	3	24.43635	121.909666667	24.15	6.24	546.06602528	60.427	97.51	5.64	10.42	11.62	60.0	C9621900.SMT	SMTA	2.01908072128e+13	342.0
TCU017	24.7783	121.0182	325	3	24.43635	121.909666667	24.15	6.24	548.245614035	206.0	97.91	7.96	13.64	14.8	120.0	D2521900.SMT	SMTA	2.01908072128e+13	293.0
HWA071	23.6683	121.4275	295	2	24.43635	121.909666667	24.15	6.24	0.0	0.0	98.13	2.46	4.08	3.76	60.0	C9521900.SMT	SMTA	2.01908072128e+13	210.0
TCU010	25.0	121.162	188	4	24.43635	121.909666667	24.15	6.24	466.894020297	112.0	98.15	5.28	31.64	22.42	300.0	L8821900.SMT	SMTA	2.01908072127e+13	310.0
TCU160	25.0783	121.2352	232	3	24.43635	121.909666667	24.15	6.24	455.72995931	90.0	98.65	4.84	12.16	14.82	240.0	M3221900.SMT	SMTA	2.01908072127e+13	316.0
TRB038	23.665	121.4212	034	2	24.43635	121.909666667	24.15	6.24	0.0	0.0	98.73	2.42	5.58	4.38	45.0	03421900.CVA	CVA	2.01908072127e+13	210.0
TCU018	24.8783	121.0608	145	4	24.43635	121.909666667	24.15	6.24	619.9	92.0	98.91	9.08	26.88	26.02	218.0	14521900.MNS	NANO	2.01908072127e+13	300.0
HWA005	23.66	121.4248	370	2	24.43635	121.909666667	24.15	6.24	445.753057832	65.3	99.05	3.16	6.68	6.54	201.1	37021901.MNS	NANO	2.01908072127e+13	210.0
TCU203	24.2767	120.9458	323	3	24.43635	121.909666667	24.15	6.24	0.0	0.0	99.36	3.68	8.46	19.88	240.0	N2321900.SMT	SMTA	2.01908072127e+13	260.0
TAP123	25.2867	121.5887	466	3	24.43635	121.909666667	24.15	6.24	440.72	409.6	99.74	5.26	10.58	6.42	240.0	O6621900.SMT	SMTA	2.01908072127e+13	341.0
TCU177	24.655	120.9548	449	4	24.43635	121.909666667	24.15	6.24	0.0	0.0	99.75	10.34	26.4	38.98	217.4	44921900.MNS	NANO	2.01908072127e+13	284.0
TAP083	25.2567	121.5027	240	3	24.43635	121.909666667	24.15	6.24	497.798416825	18.0	99.88	4.92	8.38	5.34	210.1	24021900.MNS	NANO	2.01908072127e+13	336.0
TCU005	25.1033	121.2445	331	3	24.43635	121.909666667	24.15	6.24	491.2396	212.0	99.92	6.24	15.42	21.26	226.5	33121900.MNS	NANO	2.01908072127e+13	318.0
TCU022	24.7667	120.9898	183	4	24.43635	121.909666667	24.15	6.24	436.6494	172.0	100.09	17.26	38.96	24.84	232.2	18321900.MNS	NANO	2.01908072127e+13	291.0
TCU043	24.6867	120.9598	210	4	24.43635	121.909666667	24.15	6.24	539.9568	71.0	100.13	9.6	25.94	48.02	209.1	21021900.MNS	NANO	2.01908072127e+13	286.0
TCU081	24.8283	121.0142	237	4	24.43635	121.909666667	24.15	6.24	427.1375	91.0	100.52	9.68	20.36	37.64	120.0	C3721900.SMT	SMTA	2.01908072128e+13	296.0
TCU164	24.8267	121.011	228	4	24.43635	121.909666667	24.15	6.24	345.818377763	86.0	100.79	8.3	27.2	27.82	300.0	M2821900.SMT	SMTA	2.01908072127e+13	295.0
TCU045	24.5383	120.9205	523	3	24.43635	121.909666667	24.15	6.24	706.9636	21.0	100.91	4.2	12.58	13.84	207.7	52321900.MNS	NANO	2.01908072127e+13	277.0
TCU001	24.9733	121.1013	310	3	24.43635	121.909666667	24.15	6.24	570.2338	176.0	101.14	5.26	16.14	15.96	226.5	31021900.MNS	NANO	2.01908072127e+13	306.0
TCU020	24.8383	121.0033	203	4	24.43635	121.909666667	24.15	6.24	488.9975	91.0	102.0	6.1	26.52	26.0	234.5	20321900.MNS	NANO	2.01908072127e+13	296.0
MTN177	24.41	120.9027	063	3	24.43635	121.909666667	24.15	6.24	0.0	0.0	102.16	5.82	11.94	13.52	68.0	T063001.356	A900	2.01908072128e+13	268.0
TCU003	25.045	121.1432	112	3	24.43635	121.909666667	24.15	6.24	507.228	175.0	102.79	7.48	21.94	18.2	245.1	11221900.MNS	NANO	2.01908072127e+13	311.0
TCU187	24.6617	120.9248	382	4	24.43635	121.909666667	24.15	6.24	0.0	0.0	102.85	13.02	51.88	62.72	240.0	N8221900.SMT	SMTA	2.01908072127e+13	284.0
TRB003	24.8	120.9703	013	3	24.43635	121.909666667	24.15	6.24	0.0	0.0	103.31	7.96	23.88	21.24	69.0	01321900.CVA	CVA	2.01908072128e+13	293.0
TCU096	24.7917	120.966	152	4	24.43635	121.909666667	24.15	6.24	456.8992	133.0	103.37	8.24	36.82	35.56	227.9	15221900.MNS	NANO	2.01908072127e+13	292.0
TCU015	24.755	120.9458	169	4	24.43635	121.909666667	24.15	6.24	430.6323	184.0	103.82	14.64	34.64	36.0	231.3	16921900.MNS	NANO	2.01908072127e+13	290.0
TCU016	24.8133	120.9657	447	4	24.43635	121.909666667	24.15	6.24	485.4762	69.0	104.35	7.02	24.22	29.6	230.8	44721900.MNS	NANO	2.01908072127e+13	294.0
TCU152	24.81	120.9577	171	3	24.43635	121.909666667	24.15	6.24	348.113525425	33.0	104.92	6.86	15.06	24.62	300.0	B7121900.SMT	SMTA	2.01908072127e+13	293.0
MTN167	23.9583	121.005	118	2	24.43635	121.909666667	24.15	6.24	0.0	0.0	105.98	2.88	4.52	5.2	192.0	11821900.MNS	NANO	2.01908072127e+13	240.0
MTN178	24.3517	120.8657	539	3	24.43635	121.909666667	24.15	6.24	0.0	0.0	106.29	7.52	17.98	17.34	221.5	53921900.MNS	NANO	2.01908072127e+13	265.0
TCU046	24.465	120.8612	163	3	24.43635	121.909666667	24.15	6.24	462.606	32.0	106.35	3.16	6.98	10.0	240.0	L6321900.SMT	SMTA	2.01908072127e+13	272.0
TCU019	24.9	120.9873	134	3	24.43635	121.909666667	24.15	6.24	505.9875	196.0	106.58	5.24	16.04	18.56	225.7	13421900.MNS	NANO	2.01908072127e+13	299.0
TCU002	25.035	121.0832	323	3	24.43635	121.909666667	24.15	6.24	502.1341	196.0	106.73	5.48	12.02	16.18	238.7	32321900.MNS	NANO	2.01908072127e+13	308.0
TCU097	24.7883	120.9273	212	3	24.43635	121.909666667	24.15	6.24	611.28	86.0	106.84	5.88	17.76	24.24	197.9	21221900.MNS	NANO	2.01908072127e+13	291.0
MTN148	24.17	120.8957	014	2	24.43635	121.909666667	24.15	6.24	0.0	0.0	107.05	2.68	4.24	3.72	61.0	T014001.356	A900	2.01908072128e+13	254.0
TCU189	24.17	120.8948	458	2	24.43635	121.909666667	24.15	6.24	0.0	0.0	107.12	2.54	4.8	3.88	240.0	O5821900.SMT	SMTA	2.01908072127e+13	254.0
TCU192	25.04	121.0805	320	3	24.43635	121.909666667	24.15	6.24	0.0	0.0	107.33	4.72	11.7	17.26	300.0	N2021900.SMT	SMTA	2.01908072127e+13	309.0
TCU168	25.0067	121.0475	326	3	24.43635	121.909666667	24.15	6.24	476.230363623	87.9792	107.71	4.28	14.94	22.74	120.0	D2621900.SMT	SMTA	2.01908072128e+13	306.0
TCU034	24.6367	120.8653	566	4	24.43635	121.909666667	24.15	6.24	391.5682	36.0	108.14	11.44	34.22	27.4	236.4	56621900.MNS	NANO	2.01908072127e+13	282.0
HWA034	23.5867	121.3837	391	2	24.43635	121.909666667	24.15	6.24	381.7765	140.0	108.14	2.36	4.24	4.38	196.9	39121901.MNS	NANO	2.01908072127e+13	210.0
TCU033	24.6833	120.8703	344	3	24.43635	121.909666667	24.15	6.24	420.5509	126.0	108.78	3.42	23.24	17.62	120.0	D4421900.SMT	SMTA	2.01908072128e+13	285.0
TCU074	23.96	120.9712	152	2	24.43635	121.909666667	24.15	6.24	558.2434	130.0	108.89	2.78	4.8	4.98	240.0	L5221900.SMT	SMTA	2.01908072124e+13	241.0
TCU154	24.5817	120.8427	166	4	24.43635	121.909666667	24.15	6.24	467.199375665	55.0	109.32	6.88	22.04	25.2	300.0	L6621900.SMT	SMTA	2.01908072127e+13	278.0
TCU032	24.5217	120.8225	528	3	24.43635	121.909666667	24.15	6.24	500.2501	48.0	110.6	6.04	13.04	11.34	231.0	52821900.MNS	NANO	2.01908072127e+13	275.0
TCU132	24.5733	120.8278	351	3	24.43635	121.909666667	24.15	6.24	463.02262939	78.0	110.68	7.04	16.12	16.68	300.0	N5121900.SMT	SMTA	2.01908072127e+13	278.0
TCU069	24.2583	120.831	571	3	24.43635	121.909666667	24.15	6.24	554.7337	84.0	111.18	3.68	11.16	9.48	215.8	57121900.MNS	NANO	2.01908072127e+13	260.0
TRB004	24.57	120.8223	004	3	24.43635	121.909666667	24.15	6.24	0.0	0.0	111.19	6.32	17.52	20.24	64.0	00421900.CVA	CVA	2.01908072128e+13	278.0
TCU042	24.5517	120.815	172	3	24.43635	121.909666667	24.15	6.24	573.5041	43.0	111.69	7.3	17.26	18.74	300.0	L7221900.SMT	SMTA	2.01908072127e+13	277.0
TCU148	23.9533	120.9342	196	2	24.43635	121.909666667	24.15	6.24	513.5228	49.0	112.55	3.18	4.56	3.64	60.0	B9602500.SMT	SMTA	2.01908072128e+13	242.0
MND001	24.2317	120.8117	499	3	24.43635	121.909666667	24.15	6.24	0.0	0.0	113.7	4.14	8.5	7.9	43.0	T499001.219	A900	2.01908072128e+13	259.0
TCU200	24.5367	120.7908	412	3	24.43635	121.909666667	24.15	6.24	0.0	0.0	113.95	10.2	17.78	16.1	300.0	O1221900.SMT	SMTA	2.01908072127e+13	276.0
TCU174	24.2267	120.806	484	3	24.43635	121.909666667	24.15	6.24	0.0	0.0	114.38	4.32	8.04	8.2	207.5	48421900.MNS	NANO	2.01908072127e+13	258.0
MTN150	24.2267	120.8053	043	3	24.43635	121.909666667	24.15	6.24	0.0	0.0	114.44	4.3	8.24	9.58	69.0	T043001.356	A900	2.01908072128e+13	258.0
TCU035	24.6133	120.797	553	3	24.43635	121.909666667	24.15	6.24	378.1195	114.0	114.45	9.86	14.56	18.44	196.3	55321900.MNS	NANO	2.01908072127e+13	280.0
TCU087	24.345	120.7808	908	3	24.43635	121.909666667	24.15	6.24	460.48	56.0	114.93	4.96	10.66	5.92	120.0	J0821900.SMT	SMTA	2.01908072128e+13	265.0
TRB006	24.42	120.774	037	3	24.43635	121.909666667	24.15	6.24	0.0	0.0	115.17	7.5	19.64	15.16	53.0	03721900.CVA	CVA	2.01908072128e+13	269.0
TCU072	24.0383	120.858	428	2	24.43635	121.909666667	24.15	6.24	471.8836	66.0	115.51	2.38	3.78	6.1	240.0	O2821900.SMT	SMTA	2.01908072127e+13	248.0
TCU128	24.4133	120.7697	183	3	24.43635	121.909666667	24.15	6.24	591.9495	21.0	115.63	7.4	20.12	12.48	120.0	B8321900.SMT	SMTA	2.01908072128e+13	269.0
TCU044	24.4017	120.7652	419	3	24.43635	121.909666667	24.15	6.24	508.3453	27.0	116.13	5.7	22.5	11.06	240.0	O1921900.SMT	SMTA	2.01908072127e+13	268.0
TCU142	23.98	120.8762	414	2	24.43635	121.909666667	24.15	6.24	643.51	12.0	116.46	1.96	3.7	5.94	240.0	O1421900.SMT	SMTA	2.01908072127e+13	244.0
TCU068	24.275	120.7732	537	3	24.43635	121.909666667	24.15	6.24	489.9959	67.0	116.67	3.84	8.28	7.48	203.9	53721900.MNS	NANO	2.01908072127e+13	261.0
HWA036	23.4967	121.3745	354	2	24.43635	121.909666667	24.15	6.24	520.607375271	70.0017	117.36	1.6	3.88	2.9	180.5	35421900.MNS	NANO	2.01908072127e+13	208.0
TCU029	24.5567	120.7575	572	3	24.43635	121.909666667	24.15	6.24	404.831	35.0	117.54	4.42	9.9	8.16	186.3	57221900.MNS	NANO	2.01908072127e+13	277.0
TCU084	23.88	120.9082	203	2	24.43635	121.909666667	24.15	6.24	733.78	23.0	118.89	1.78	4.46	5.4	120.0	C0321900.SMT	SMTA	2.01908072128e+13	239.0
TCU052	24.195	120.748	207	2	24.43635	121.909666667	24.15	6.24	589.2173	49.0	120.87	3.6	6.28	6.2	300.0	M0721900.SMT	SMTA	2.01908072127e+13	257.0
HWA037	23.4517	121.3937	383	2	24.43635	121.909666667	24.15	6.24	466.526708654	244.0	121.01	4.46	6.3	5.54	195.6	38321900.MNS	NANO	2.01908072127e+13	206.0
MTN151	24.185	120.748	098	3	24.43635	121.909666667	24.15	6.24	0.0	0.0	121.14	6.76	13.18	8.76	80.0	T098001.219	A900	2.01908072128e+13	257.0
TCU102	24.2467	120.7287	557	2	24.43635	121.909666667	24.15	6.24	706.2054	37.0	121.66	4.06	6.64	7.98	201.3	55721900.MNS	NANO	2.01908072127e+13	260.0
TCU103	24.3067	120.715	207	2	24.43635	121.909666667	24.15	6.24	488.6789	53.0	122.03	0.0	4.55	4.15	193.3	20721900.MNS	NANO	2.01908072127e+13	263.0
TCU036	24.4467	120.7048	184	3	24.43635	121.909666667	24.15	6.24	483.1307	66.0	122.17	5.46	15.2	12.58	300.0	L8421900.SMT	SMTA	2.01908072127e+13	271.0
TCU156	24.2583	120.7192	198	2	24.43635	121.909666667	24.15	6.24	654.34	110.0	122.38	2.6	4.1	3.42	240.0	L9821900.SMT	SMTA	2.01908072127e+13	261.0
TCU101	24.2383	120.7172	182	2	24.43635	121.909666667	24.15	6.24	720.69	20.0	122.96	2.36	3.8	4.48	240.0	L8221900.SMT	SMTA	2.01908072127e+13	260.0
TCU058	24.2483	120.7127	200	2	24.43635	121.909666667	24.15	6.24	650.91	90.0	123.21	2.12	4.48	4.7	240.0	M0021900.SMT	SMTA	2.01908072127e+13	260.0
TCU041	24.3883	120.6957	481	3	24.43635	121.909666667	24.15	6.24	448.580698479	86.0	123.22	5.22	20.64	11.36	206.2	48121900.MNS	NANO	2.01908072127e+13	268.0
TCU071	23.9833	120.7952	471	2	24.43635	121.909666667	24.15	6.24	614.7541	34.0	123.8	1.72	4.34	6.92	189.7	47121900.MNS	NANO	2.01908072127e+13	246.0
TCU037	24.4917	120.6837	130	3	24.43635	121.909666667	24.15	6.24	463.4636	248.0	124.44	4.46	10.06	9.88	213.3	13021900.MNS	NANO	2.01908072127e+13	273.0
TCU170	24.1533	120.7197	451	2	24.43635	121.909666667	24.15	6.24	0.0	0.0	124.76	2.02	7.24	6.94	189.1	45121900.MNS	NANO	2.01908072127e+13	256.0
TCU066	24.2133	120.7043	551	2	24.43635	121.909666667	24.15	6.24	582.694	147.5	124.78	2.56	5.22	5.98	188.9	55121900.MNS	NANO	2.01908072127e+13	259.0
TCU049	24.1767	120.6997	554	2	24.43635	121.909666667	24.15	6.24	469.7409	145.0	126.12	1.76	6.18	6.12	189.9	55421900.MNS	NANO	2.01908072127e+13	257.0
TCU040	24.4483	120.655	319	3	24.43635	121.909666667	24.15	6.24	336.191	78.0	127.22	5.52	13.24	12.98	300.0	N1921900.SMT	SMTA	2.01908072127e+13	271.0
TCU099	24.135	120.6993	448	3	24.43635	121.909666667	24.15	6.24	424.186152706	52.0	127.28	1.72	9.88	5.94	193.2	44821900.MNS	NANO	2.01908072127e+13	255.0
MND007	24.1467	120.6953	507	3	24.43635	121.909666667	24.15	6.24	0.0	0.0	127.33	2.8	8.1	7.86	37.0	T507001.356	A900	2.01908072128e+13	255.0
TTN031	23.355	121.4673	549	2	24.43635	121.909666667	24.15	6.24	512.689054089	90.0	127.83	1.66	3.64	3.22	186.9	54921901.MNS	NANO	2.01908072127e+13	201.0
TCU053	24.1917	120.6788	241	2	24.43635	121.909666667	24.15	6.24	452.1136	155.0	127.83	2.08	6.96	3.26	187.3	24121900.MNS	NANO	2.01908072127e+13	258.0
TCU135	24.3317	120.6533	475	3	24.43635	121.909666667	24.15	6.24	619.7707	18.0	127.95	3.58	11.72	10.3	199.2	47521900.MNS	NANO	2.01908072127e+13	265.0
TCU054	24.16	120.6848	238	3	24.43635	121.909666667	24.15	6.24	436.9992	186.0	128.04	2.48	10.4	6.4	190.6	23821900.MNS	NANO	2.01908072127e+13	256.0
TCU082	24.145	120.6842	245	3	24.43635	121.909666667	24.15	6.24	469.3734	60.0	128.5	1.62	9.1	4.72	120.0	C4521900.SMT	SMTA	2.01908072128e+13	255.0
TCU172	24.1433	120.6818	595	3	24.43635	121.909666667	24.15	6.24	0.0	0.0	128.78	1.76	9.7	5.16	190.1	59521900.MNS	NANO	2.01908072127e+13	255.0
TCU205	24.3467	120.6403	380	3	24.43635	121.909666667	24.15	6.24	0.0	0.0	129.12	3.4	10.68	10.5	240.0	N8021900.SMT	SMTA	2.01908072127e+13	266.0
TCU065	24.055	120.6998	165	3	24.43635	121.909666667	24.15	6.24	290.1073	124.5	129.87	3.94	12.94	9.56	223.8	16521900.MNS	NANO	2.01908072127e+13	251.0
MTN170	23.765	120.8557	416	2	24.43635	121.909666667	24.15	6.24	0.0	0.0	130.37	2.3	3.24	5.3	184.3	41621900.MNS	NANO	2.01908072127e+13	235.0
TCU051	24.1583	120.6597	177	3	24.43635	121.909666667	24.15	6.24	420.106425624	73.0	130.53	1.4	9.56	4.64	190.6	17721900.MNS	NANO	2.01908072127e+13	256.0
TCU157	24.0417	120.6982	304	2	24.43635	121.909666667	24.15	6.24	389.71	106.0	130.54	3.24	7.58	5.82	240.0	N0421900.SMT	SMTA	2.01908072127e+13	250.0
TCU064	24.3433	120.6193	146	3	24.43635	121.909666667	24.15	6.24	646.97	62.0	131.28	2.32	8.62	5.52	240.0	L4621900.SMT	SMTA	2.01908072127e+13	266.0
TCU143	23.8783	120.7633	578	3	24.43635	121.909666667	24.15	6.24	465.9109	51.0	131.8	5.0	6.36	8.98	214.1	57821900.MNS	NANO	2.01908072127e+13	242.0
TCU050	24.1783	120.6417	511	2	24.43635	121.909666667	24.15	6.24	539.3258	58.0	131.8	1.72	6.96	3.46	192.5	51121900.MNS	NANO	2.01908072127e+13	258.0
TCU173	24.11	120.6565	489	2	24.43635	121.909666667	24.15	6.24	0.0	0.0	132.22	2.18	5.64	5.26	199.2	48921900.MNS	NANO	2.01908072127e+13	254.0
TCU077	23.8267	120.7873	497	2	24.43635	121.909666667	24.15	6.24	507.4854	38.0	132.54	1.98	3.08	3.7	194.4	49721900.MNS	NANO	2.01908072127e+13	239.0
TCU165	24.1267	120.6433	177	2	24.43635	121.909666667	24.15	6.24	435.831121844	57.0	133.03	2.6	6.98	4.28	240.0	L7721900.SMT	SMTA	2.01908072127e+13	255.0
TAP112	25.6267	122.0798	907	2	24.43635	121.909666667	24.15	6.24	0.0	0.0	133.11	4.92	3.24	3.3	60.0	J0721900.SMT	SMTA	2.01908072128e+13	7.0
TCU100	24.1833	120.625	154	3	24.43635	121.909666667	24.15	6.24	500.817307993	60.0	133.35	1.72	8.86	4.7	240.0	L5421900.SMT	SMTA	2.01908072127e+13	258.0
TCU075	23.98	120.6877	507	2	24.43635	121.909666667	24.15	6.24	521.2406	58.6	133.96	1.88	5.9	4.08	120.0	F0721900.SMT	SMTA	2.01908072128e+13	248.0
TCU057	24.17	120.62	158	3	24.43635	121.909666667	24.15	6.24	514.09025783	49.0	134.18	1.92	8.72	5.9	240.0	L5821900.SMT	SMTA	2.01908072127e+13	257.0
TCU171	24.345	120.5878	496	3	24.43635	121.909666667	24.15	6.24	0.0	0.0	134.46	2.56	11.22	8.28	205.3	49621900.MNS	NANO	2.01908072127e+13	266.0
TCU134	24.1217	120.6293	196	3	24.43635	121.909666667	24.15	6.24	439.614784188	85.0	134.55	4.18	12.6	11.02	222.0	19621900.MNS	NANO	2.01908072127e+13	255.0
TCU125	23.9517	120.6905	218	3	24.43635	121.909666667	24.15	6.24	630.45	41.0	134.92	3.14	8.0	9.54	210.7	21821900.MNS	NANO	2.01908072127e+13	247.0
TCU204	23.695	120.8532	183	2	24.43635	121.909666667	24.15	6.24	0.0	0.0	135.14	2.42	6.38	3.44	240.0	L8321900.SMT	SMTA	2.01908072127e+13	233.0
TCU063	24.1067	120.6237	581	2	24.43635	121.909666667	24.15	6.24	476.1527	157.0	135.54	2.9	6.2	5.66	204.7	58121900.MNS	NANO	2.01908072127e+13	254.0
TCU150	23.89	120.7137	428	3	24.43635	121.909666667	24.15	6.24	539.962036837	88.0	135.69	3.68	8.66	13.92	198.8	42821900.MNS	NANO	2.01908072127e+13	244.0
TCU124	23.9133	120.6918	175	3	24.43635	121.909666667	24.15	6.24	242.0	122.4	136.6	4.04	9.7	9.58	240.0	L7521900.SMT	SMTA	2.01908072127e+13	245.0
TCU059	24.2667	120.5718	518	3	24.43635	121.909666667	24.15	6.24	232.1892	73.0	137.03	7.72	15.88	12.06	203.5	51821900.MNS	NANO	2.01908072127e+13	262.0
TCU076	23.905	120.6835	222	2	24.43635	121.909666667	24.15	6.24	573.2302	26.0	137.71	2.76	5.42	5.4	185.9	22221900.MNS	NANO	2.01908072127e+13	245.0
TCU105	24.2367	120.5678	318	2	24.43635	121.909666667	24.15	6.24	539.132	31.0	137.92	2.64	7.16	5.56	240.0	N1821900.SMT	SMTA	2.01908072127e+13	261.0
TCU159	23.9067	120.6803	352	2	24.43635	121.909666667	24.15	6.24	757.65	24.0	137.97	2.96	5.36	5.02	120.0	D5221900.SMT	SMTA	2.01908072128e+13	245.0
TCU199	23.8217	120.7278	357	2	24.43635	121.909666667	24.15	6.24	0.0	0.0	138.06	2.22	3.38	4.2	240.0	N5721900.SMT	SMTA	2.01908072127e+13	240.0
TCU166	23.875	120.6927	182	2	24.43635	121.909666667	24.15	6.24	480.386641663	85.9914	138.35	2.08	6.2	5.08	120.0	B8221900.SMT	SMTA	2.01908072128e+13	243.0
TCU129	23.875	120.6925	241	2	24.43635	121.909666667	24.15	6.24	506.4573	10.0	138.36	2.12	4.8	6.42	120.0	C4121900.SMT	SMTA	2.01908072128e+13	243.0
TCU196	23.6067	120.8852	377	2	24.43635	121.909666667	24.15	6.24	0.0	0.0	138.88	1.44	3.04	4.52	120.0	D7721900.SMT	SMTA	2.01908072128e+13	229.0
TCU184	23.7483	120.7525	500	2	24.43635	121.909666667	24.15	6.24	0.0	0.0	140.12	3.04	6.62	0.0	191.7	50021900.MNS	NANO	2.01908072127e+13	237.0
TCU109	24.0817	120.5807	128	3	24.43635	121.909666667	24.15	6.24	401.168314631	75.0	140.51	3.92	6.56	8.04	212.7	12821900.MNS	NANO	2.01908072127e+13	254.0
TCU149	24.255	120.5232	238	3	24.43635	121.909666667	24.15	6.24	250.531347619	120.0	142.09	4.02	15.42	6.78	120.0	C3821900.SMT	SMTA	2.01908072128e+13	262.0
TCU201	24.0783	120.5582	190	2	24.43635	121.909666667	24.15	6.24	0.0	0.0	142.81	2.8	6.7	7.32	300.0	L9021900.SMT	SMTA	2.01908072127e+13	254.0
CHY121	23.4867	120.9592	535	2	24.43635	121.909666667	24.15	6.24	328.58	43.0	142.83	1.6	4.1	5.32	120.0	F3521900.SMT	SMTA	2.01908072128e+13	223.0
HWA041	23.2633	121.3027	329	2	24.43635	121.909666667	24.15	6.24	481.850305172	123.0	143.72	1.88	2.6	2.58	181.2	32921900.MNS	NANO	2.01908072128e+13	205.0
TCU167	23.6633	120.7685	424	3	24.43635	121.909666667	24.15	6.24	363.85	67.0	144.14	3.56	9.26	8.66	300.0	O2421900.SMT	SMTA	2.01908072127e+13	234.0
TCU107	24.0717	120.5468	176	3	24.43635	121.909666667	24.15	6.24	377.82759321	102.0	144.15	4.46	8.82	8.22	300.0	L7621900.SMT	SMTA	2.01908072127e+13	254.0
TCU138	23.92	120.6028	479	2	24.43635	121.909666667	24.15	6.24	604.2296	134.7	144.54	4.1	4.7	5.48	193.6	47921900.MNS	NANO	2.01908072127e+13	247.0
TRB019	24.0817	120.539	007	2	24.43635	121.909666667	24.15	6.24	0.0	0.0	144.59	4.0	5.84	7.4	65.0	00721900.CVA	CVA	2.01908072128e+13	254.0
TCU126	23.7633	120.6862	246	2	24.43635	121.909666667	24.15	6.24	469.078966227	24.0	145.01	2.48	5.28	7.82	190.3	24621900.MNS	NANO	2.01908072127e+13	239.0
TCU158	24.0633	120.536	332	3	24.43635	121.909666667	24.15	6.24	330.280305644	177.0	145.48	4.24	10.6	10.04	300.0	N3221900.SMT	SMTA	2.01908072127e+13	254.0
TCU123	24.015	120.5515	372	3	24.43635	121.909666667	24.15	6.24	288.922383778	123.0	145.58	3.4	10.02	14.02	226.5	37221900.MNS	NANO	2.01908072127e+13	251.0
TCU180	23.9917	120.5458	545	3	24.43635	121.909666667	24.15	6.24	0.0	0.0	146.99	4.42	11.12	10.86	230.1	54521900.MNS	NANO	2.01908072127e+13	250.0
TCU111	24.1117	120.4948	304	2	24.43635	121.909666667	24.15	6.24	233.4721	170.0	148.06	3.36	7.92	6.14	218.1	30421900.MNS	NANO	2.01908072128e+13	256.0
TRB020	23.8117	120.6212	011	2	24.43635	121.909666667	24.15	6.24	0.0	0.0	148.12	2.5	4.56	6.16	45.0	01121900.CVA	CVA	2.01908072128e+13	242.0
TCU194	23.48	120.887	350	2	24.43635	121.909666667	24.15	6.24	0.0	0.0	148.39	1.7	3.34	6.68	240.0	N5021900.SMT	SMTA	2.01908072127e+13	225.0
TCU122	23.8117	120.618	570	2	24.43635	121.909666667	24.15	6.24	623.58	23.0	148.39	2.74	4.92	6.4	189.9	57021900.MNS	NANO	2.01908072128e+13	242.0
TCU179	24.0333	120.504	462	3	24.43635	121.909666667	24.15	6.24	0.0	0.0	149.55	3.14	12.58	8.5	227.9	46221900.MNS	NANO	2.01908072128e+13	253.0
TCU139	23.92	120.5483	385	3	24.43635	121.909666667	24.15	6.24	306.9525	133.1	149.63	4.4	9.88	12.2	212.7	38521900.MNS	NANO	2.01908072128e+13	248.0
CHY024	23.755	120.6157	111	2	24.43635	121.909666667	24.15	6.24	408.4967	5.0	151.64	2.3	4.46	0.0	191.3	11121900.MNS	NANO	2.01908072128e+13	240.0
CHY074	23.5083	120.8133	672	2	24.43635	121.909666667	24.15	6.24	524.6131	60.0	151.69	1.24	3.86	4.84	120.0	G7221900.SMT	SMTA	2.01908072128e+13	227.0
TCU144	24.0833	120.4442	449	2	24.43635	121.909666667	24.15	6.24	218.5339923	351.0	153.85	2.06	7.32	6.02	300.0	O4921900.SMT	SMTA	2.01908072127e+13	255.0
TCU162	23.8767	120.5205	117	3	24.43635	121.909666667	24.15	6.24	284.899390837	235.0	154.16	5.04	7.66	14.22	206.4	11721900.MNS	NANO	2.01908072128e+13	246.0
TCU090	23.645	120.6558	228	2	24.43635	121.909666667	24.15	6.24	550.863	26.0	154.67	2.52	5.68	4.44	189.2	22821900.MNS	NANO	2.01908072128e+13	236.0
TCU112	24.055	120.4303	189	2	24.43635	121.909666667	24.15	6.24	191.2655	466.9	156.04	2.74	6.78	5.9	218.5	18921900.MNS	NANO	2.01908072128e+13	254.0
CHY080	23.5967	120.6768	416	2	24.43635	121.909666667	24.15	6.24	499.1681	46.0	156.1	2.52	6.66	7.04	240.0	O1621900.SMT	SMTA	2.01908072127e+13	233.0
CHY083	23.7217	120.5858	200	3	24.43635	121.909666667	24.15	6.24	374.0182	392.8	156.12	2.88	10.5	6.98	120.0	C0021900.SMT	SMTA	2.01908072128e+13	240.0
TCU118	24.0	120.4315	319	2	24.43635	121.909666667	24.15	6.24	228.554	170.0	157.71	3.04	7.96	7.04	233.8	31921900.MNS	NANO	2.01908072128e+13	252.0
TCU178	24.0267	120.4123	594	2	24.43635	121.909666667	24.15	6.24	0.0	0.0	158.66	2.64	6.12	6.66	211.3	59421900.MNS	NANO	2.01908072128e+13	253.0
CHY025	23.7767	120.5228	211	3	24.43635	121.909666667	24.15	6.24	276.4977	299.8	158.75	2.76	5.3	9.58	204.4	21121900.MNS	NANO	2.01908072128e+13	243.0
CHY028	23.63	120.6157	293	2	24.43635	121.909666667	24.15	6.24	546.906333175	39.0	159.0	2.32	4.86	5.4	120.0	C9321900.SMT	SMTA	2.01908072128e+13	236.0
TCU121	23.8933	120.459	344	3	24.43635	121.909666667	24.15	6.24	232.423	329.4	159.15	3.6	6.72	10.98	229.8	34421900.MNS	NANO	2.01908072128e+13	248.0
CHY101	23.6833	120.5703	201	2	24.43635	121.909666667	24.15	6.24	252.3659	149.0	159.64	3.78	6.46	6.34	120.0	C0121900.SMT	SMTA	2.01908072128e+13	239.0
TRB026	23.7117	120.541	039	3	24.43635	121.909666667	24.15	6.24	0.0	0.0	160.63	3.24	10.08	10.72	66.0	03921900.CVA	CVA	2.01908072127e+13	240.0
CHY003	23.7133	120.5385	353	3	24.43635	121.909666667	24.15	6.24	183.187954003	117.0	160.7	2.62	7.62	11.52	120.0	D5321900.SMT	SMTA	2.01908072128e+13	240.0
TCU141	23.8317	120.4712	596	3	24.43635	121.909666667	24.15	6.24	221.2226	270.9	160.79	2.88	7.48	14.32	219.6	59621900.MNS	NANO	2.01908072128e+13	245.0
CHY103	23.6983	120.539	360	3	24.43635	121.909666667	24.15	6.24	223.6583	280.0	161.51	3.3	8.86	8.9	120.0	D6021900.SMT	SMTA	2.01908072128e+13	240.0
MTN158	23.2483	120.9862	427	2	24.43635	121.909666667	24.15	6.24	0.0	0.0	161.74	2.6	3.74	4.72	188.3	42721900.MNS	NANO	2.01908072128e+13	216.0
CHY150	23.6883	120.5382	192	2	24.43635	121.909666667	24.15	6.24	0.0	0.0	162.19	3.66	6.74	7.84	300.0	L9221900.SMT	SMTA	2.01908072127e+13	239.0
CHY126	23.6983	120.5305	457	3	24.43635	121.909666667	24.15	6.24	332.46447158	182.0	162.3	3.28	9.04	9.8	300.0	O5721900.SMT	SMTA	2.01908072127e+13	240.0
TCU183	23.875	120.4165	546	3	24.43635	121.909666667	24.15	6.24	0.0	0.0	163.94	2.48	5.28	11.66	212.8	54621900.MNS	NANO	2.01908072128e+13	248.0
TCU113	23.89	120.3953	139	3	24.43635	121.909666667	24.15	6.24	231.0892	437.8	165.29	2.6	7.58	10.42	222.4	13921900.MNS	NANO	2.01908072128e+13	249.0
TCU208	23.9017	120.3782	522	3	24.43635	121.909666667	24.15	6.24	0.0	0.0	166.46	3.48	8.46	11.78	120.0	F2221900.SMT	SMTA	2.01908072128e+13	249.0
CHY084	23.7267	120.464	302	3	24.43635	121.909666667	24.15	6.24	259.0674	157.0	166.68	2.46	8.76	12.38	200.6	30221900.MNS	NANO	2.01908072128e+13	242.0
CHY029	23.6117	120.5373	181	2	24.43635	121.909666667	24.15	6.24	541.6629	127.0	166.77	2.16	4.06	4.8	193.0	18121900.MNS	NANO	2.01908072128e+13	237.0
TCU145	23.9783	120.3445	552	2	24.43635	121.909666667	24.15	6.24	222.736723271	328.0	166.87	1.82	5.2	4.2	227.0	55221900.MNS	NANO	2.01908072128e+13	252.0
CHY006	23.5783	120.5602	540	2	24.43635	121.909666667	24.15	6.24	422.684	54.3	166.9	4.22	4.98	4.32	200.1	54021900.MNS	NANO	2.01908072128e+13	235.0
CHY035	23.5183	120.5917	350	2	24.43635	121.909666667	24.15	6.24	554.221319047	166.9	168.28	2.98	4.78	5.1	193.6	35021900.MNS	NANO	2.01908072128e+13	233.0
CHY104	23.6667	120.4735	114	3	24.43635	121.909666667	24.15	6.24	218.8024	320.2	169.05	2.5	6.68	9.96	235.3	11421900.MNS	NANO	2.01908072128e+13	240.0
TCU119	23.9217	120.3203	137	2	24.43635	121.909666667	24.15	6.24	222.0	659.7	171.2	1.94	5.7	7.06	227.5	13721900.MNS	NANO	2.01908072128e+13	251.0
TTN023	23.05	121.1638	419	2	24.43635	121.909666667	24.15	6.24	542.2013	22.0	171.22	1.04	2.88	2.62	190.1	41921900.MNS	NANO	2.01908072128e+13	206.0
CHY034	23.52	120.5525	324	3	24.43635	121.909666667	24.15	6.24	383.1418	225.0	171.34	2.6	8.08	4.7	300.0	N2421900.SMT	SMTA	2.01908072127e+13	234.0
CHY036	23.605	120.488	329	3	24.43635	121.909666667	24.15	6.24	236.0532	34.0	171.43	2.02	9.18	6.04	300.0	N2921900.SMT	SMTA	2.01908072127e+13	238.0
CHY041	23.4383	120.6047	237	2	24.43635	121.909666667	24.15	6.24	488.1224	20.0	172.8	3.0	5.78	5.76	300.0	M3721900.SMT	SMTA	2.01908072127e+13	230.0
CHY139	23.6433	120.4308	505	3	24.43635	121.909666667	24.15	6.24	0.0	0.0	174.11	3.22	10.22	8.36	211.1	50521900.MNS	NANO	2.01908072128e+13	240.0
CHY152	23.6867	120.3887	230	3	24.43635	121.909666667	24.15	6.24	0.0	0.0	175.51	2.12	5.6	11.94	300.0	M3021900.SMT	SMTA	2.01908072127e+13	242.0
TCU086	23.8617	120.2892	194	2	24.43635	121.909666667	24.15	6.24	222.8992	761.4	176.55	1.86	4.94	5.34	120.0	B9421900.SMT	SMTA	2.01908072128e+13	249.0
CHY005	23.61	120.4217	371	2	24.43635	121.909666667	24.15	6.24	211.0298	385.0	176.88	1.52	5.24	7.96	217.0	37121900.MNS	NANO	2.01908072128e+13	239.0
CHY133	23.5317	120.4743	358	2	24.43635	121.909666667	24.15	6.24	499.633689379	141.0	177.1	3.52	7.4	6.7	120.0	D5821900.SMT	SMTA	2.01908072128e+13	236.0
CHY132	23.4583	120.5237	170	2	24.43635	121.909666667	24.15	6.24	513.291093476	97.8	177.8	3.02	5.72	5.84	47.0	17035600.CVA	CVA	2.01908072129e+13	233.0
CHY038	23.5333	120.4555	376	2	24.43635	121.909666667	24.15	6.24	372.8792	311.0	178.53	2.1	4.46	4.3	200.1	37621900.MNS	NANO	2.01908072128e+13	236.0
CHY037	23.5533	120.4292	448	2	24.43635	121.909666667	24.15	6.24	208.7755	402.2	179.52	2.26	4.9	6.34	240.0	O4821900.SMT	SMTA	2.01908072128e+13	237.0
CHY144	23.6033	120.3942	469	3	24.43635	121.909666667	24.15	6.24	0.0	0.0	179.59	2.26	5.6	8.5	204.7	46921900.MNS	NANO	2.01908072128e+13	239.0
CHY046	23.475	120.4713	182	3	24.43635	121.909666667	24.15	6.24	446.4618	152.0	180.99	2.42	8.78	6.36	48.0	18235600.CVA	CVA	2.01908072129e+13	234.0
CHY047	23.4933	120.4553	328	2	24.43635	121.909666667	24.15	6.24	183.5174	284.0	181.12	2.08	5.7	7.8	205.7	32821900.MNS	NANO	2.01908072128e+13	235.0
CHY119	23.4717	120.4673	368	2	24.43635	121.909666667	24.15	6.24	498.384920446	217.3	181.53	2.28	5.1	4.06	300.0	N6821900.SMT	SMTA	2.01908072127e+13	234.0
MND017	23.4817	120.4547	051	2	24.43635	121.909666667	24.15	6.24	0.0	0.0	181.87	2.7	7.54	5.86	53.0	05135600.CVA	CVA	2.01908072129e+13	235.0
CHY087	23.3817	120.5298	453	2	24.43635	121.909666667	24.15	6.24	508.001	44.0	182.68	1.68	3.4	3.88	188.7	45321900.MNS	NANO	2.01908072128e+13	230.0
CHY073	23.495	120.4325	338	2	24.43635	121.909666667	24.15	6.24	201.4775	410.7512	182.86	1.48	4.74	6.36	120.0	D3821900.SMT	SMTA	2.01908072128e+13	235.0
TRB024	23.4783	120.4405	043	2	24.43635	121.909666667	24.15	6.24	0.0	0.0	183.32	0.0	4.12	6.55	44.0	04321900.CVA	CVA	2.01908072128e+13	235.0
CHY014	23.2933	120.5927	370	2	24.43635	121.909666667	24.15	6.24	341.8024	38.0	184.35	1.86	4.98	4.7	120.0	D7021900.SMT	SMTA	2.01908072128e+13	227.0
CHY027	23.75	120.2543	589	2	24.43635	121.909666667	24.15	6.24	209.4952	673.6	184.62	2.3	4.24	6.1	187.8	58921900.MNS	NANO	2.01908072128e+13	246.0
CHY111	23.7883	120.2335	332	2	24.43635	121.909666667	24.15	6.24	269.6387	432.0	184.83	1.88	7.24	7.76	120.0	D3200400.SMT	SMTA	2.01908072128e+13	247.0
CHY117	23.8033	120.2232	234	2	24.43635	121.909666667	24.15	6.24	227.638134387	820.5	185.17	2.9	5.3	7.86	120.0	C3421900.SMT	SMTA	2.01908072128e+13	248.0
CHY102	23.2433	120.6223	361	1	24.43635	121.909666667	24.15	6.24	836.1204	9.0	186.12	0.6	1.1	1.06	120.0	D6121900.SMT	SMTA	2.01908072128e+13	225.0
TRB025	23.4567	120.4218	038	2	24.43635	121.909666667	24.15	6.24	0.0	0.0	186.24	1.72	5.34	5.52	46.0	03821900.CVA	CVA	2.01908072128e+13	234.0
CHY105	23.5533	120.3453	341	2	24.43635	121.909666667	24.15	6.24	204.3597	186.0	186.73	2.06	6.52	6.4	205.0	34121900.MNS	NANO	2.01908072128e+13	238.0
CHY001	23.7033	120.249	199	2	24.43635	121.909666667	24.15	6.24	229.88	525.0	187.3	2.3	6.64	6.16	194.0	19921900.MNS	NANO	2.01908072128e+13	244.0
CHY106	23.435	120.4147	308	2	24.43635	121.909666667	24.15	6.24	227.6349	318.2	188.21	1.34	5.92	7.98	211.2	30821900.MNS	NANO	2.01908072128e+13	234.0
CHY039	23.5183	120.3512	177	2	24.43635	121.909666667	24.15	6.24	195.1495	264.0	188.32	1.94	4.76	5.32	45.0	17735600.CVA	CVA	2.01908072129e+13	237.0
CHY032	23.5767	120.3018	173	2	24.43635	121.909666667	24.15	6.24	192.5669	761.0	189.25	2.56	5.6	5.06	206.2	17321900.MNS	NANO	2.01908072128e+13	240.0
CHY076	23.635	120.2298	180	2	24.43635	121.909666667	24.15	6.24	170.8915	749.1	192.47	2.18	7.68	7.24	120.0	B8021900.SMT	SMTA	2.01908072128e+13	243.0
CHY112	23.7017	120.193	127	2	24.43635	121.909666667	24.15	6.24	239.7123	807.3	192.55	3.04	7.02	6.36	192.2	12721900.MNS	NANO	2.01908072128e+13	245.0
CHY088	23.3433	120.438	155	2	24.43635	121.909666667	24.15	6.24	329.543582139	46.0	192.56	2.0	6.02	5.04	202.0	15521900.MNS	NANO	2.01908072128e+13	231.0
CHY015	23.3517	120.4143	525	2	24.43635	121.909666667	24.15	6.24	224.7275	227.0	193.89	1.98	3.72	5.02	212.6	52521900.MNS	NANO	2.01908072128e+13	232.0
CHY095	23.455	120.3312	512	2	24.43635	121.909666667	24.15	6.24	216.3644	400.3	193.97	1.54	3.68	5.44	196.2	51221900.MNS	NANO	2.01908072128e+13	236.0
CHY043	23.4033	120.3363	529	2	24.43635	121.909666667	24.15	6.24	225.4114	195.0	196.74	1.02	6.28	5.04	204.9	52921900.MNS	NANO	2.01908072128e+13	235.0
CHY049	23.365	120.3663	592	2	24.43635	121.909666667	24.15	6.24	224.8207	242.0	196.87	2.16	4.1	5.12	204.3	59221900.MNS	NANO	2.01908072128e+13	233.0
CHY120	23.4567	120.294	369	2	24.43635	121.909666667	24.15	6.24	220.132124423	465.0	196.99	1.98	5.06	5.94	240.0	N6921900.SMT	SMTA	2.01908072128e+13	237.0
CHY033	23.5383	120.2253	206	2	24.43635	121.909666667	24.15	6.24	193.3239	671.0	198.1	1.7	6.2	7.62	195.2	20621900.MNS	NANO	2.01908072128e+13	240.0
CHY155	23.5217	120.2278	669	2	24.43635	121.909666667	24.15	6.24	0.0	0.0	198.82	1.58	3.72	7.42	120.0	G6921900.SMT	SMTA	2.01908072128e+13	239.0
CHY004	23.5983	120.1795	163	3	24.43635	121.909666667	24.15	6.24	272.9754	681.0	198.91	1.72	4.96	8.44	189.1	16321900.MNS	NANO	2.01908072128e+13	242.0
CHY123	23.4833	120.2395	564	2	24.43635	121.909666667	24.15	6.24	212.4491	633.3	200.07	1.5	5.4	4.36	191.8	56421900.MNS	NANO	2.01908072128e+13	238.0
CHY153	23.36	120.2793	358	2	24.43635	121.909666667	24.15	6.24	0.0	0.0	204.33	1.34	4.36	4.78	240.0	N5821900.SMT	SMTA	2.01908072128e+13	234.0
CHY122	23.3217	120.3095	225	2	24.43635	121.909666667	24.15	6.24	224.976211949	386.6	204.36	1.32	4.8	3.48	240.0	M2521900.SMT	SMTA	2.01908072128e+13	233.0
CHY054	23.305	120.3175	155	2	24.43635	121.909666667	24.15	6.24	175.1108	465.4999	204.87	1.44	4.3	2.86	44.0	15535600.CVA	CVA	2.01908072129e+13	232.0
CHY013	23.355	120.2738	312	2	24.43635	121.909666667	24.15	6.24	216.2318	696.9	205.07	1.16	3.96	3.46	211.0	31221900.MNS	NANO	2.01908072128e+13	234.0
CHY113	23.42	120.2138	129	2	24.43635	121.909666667	24.15	6.24	240.6449	379.0	206.07	1.54	6.84	6.24	210.3	12921900.MNS	NANO	2.01908072128e+13	237.0
CHY107	23.2967	120.2992	346	2	24.43635	121.909666667	24.15	6.24	181.0514	193.0	206.9	1.32	3.76	2.72	187.3	34621900.MNS	NANO	2.01908072128e+13	232.0
CHY100	23.225	120.3503	503	2	24.43635	121.909666667	24.15	6.24	344.253967729	164.0	207.89	1.48	2.3	3.26	179.9	50321900.MNS	NANO	2.01908072128e+13	230.0
CHY145	23.46	120.1533	499	2	24.43635	121.909666667	24.15	6.24	0.0	0.0	208.89	1.66	6.04	6.32	202.2	49921900.MNS	NANO	2.01908072128e+13	239.0
CHY134	23.3467	120.2227	393	2	24.43635	121.909666667	24.15	6.24	215.921343383	506.0	209.89	1.1	4.48	5.66	120.0	D9321900.SMT	SMTA	2.01908072128e+13	235.0
CHY055	23.2683	120.2768	389	2	24.43635	121.909666667	24.15	6.24	221.4512	371.3945	210.67	0.92	4.22	3.64	194.7	38921900.MNS	NANO	2.01908072128e+13	232.0
CHY044	23.38	120.1722	356	2	24.43635	121.909666667	24.15	6.24	192.6659	398.0	212.01	1.3	3.88	3.46	240.0	N5621900.SMT	SMTA	2.01908072128e+13	237.0
CHY017	23.2133	120.277	374	2	24.43635	121.909666667	24.15	6.24	196.0186	540.0	214.48	0.84	2.54	1.96	180.3	37421900.MNS	NANO	2.01908072128e+13	231.0
CHY146	23.1817	120.2598	494	2	24.43635	121.909666667	24.15	6.24	0.0	0.0	218.07	0.9	2.56	2.54	179.6	49421900.MNS	NANO	2.01908072128e+13	230.0
CHY140	23.2367	120.1753	488	2	24.43635	121.909666667	24.15	6.24	0.0	0.0	220.98	1.2	2.8	3.78	184.1	48821900.MNS	NANO	2.01908072128e+13	233.0
KAU105	22.9383	120.4603	507	2	24.43635	121.909666667	24.15	6.24	0.0	0.0	222.11	0.94	2.98	2.24	194.5	50721900.MNS	NANO	2.01908072128e+13	222.0
CHY056	23.2617	120.1392	568	2	24.43635	121.909666667	24.15	6.24	189.0002	394.0	222.33	0.94	3.76	2.78	196.3	56821900.MNS	NANO	2.01908072128e+13	234.0
CHY016	23.2183	120.1622	326	2	24.43635	121.909666667	24.15	6.24	199.4681	556.0	223.3	1.0	2.38	2.96	181.3	32621900.MNS	NANO	2.01908072128e+13	233.0
CHY141	23.1217	120.1988	483	2	24.43635	121.909666667	24.15	6.24	0.0	0.0	227.08	0.86	2.3	2.88	180.3	48321900.MNS	NANO	2.01908072128e+13	230.0
CHY143	22.9633	120.3587	513	2	24.43635	121.909666667	24.15	6.24	0.0	0.0	227.16	1.18	3.36	3.16	190.9	51321900.MNS	NANO	2.01908072128e+13	224.0
CHY020	23.1017	120.1583	352	2	24.43635	121.909666667	24.15	6.24	214.1404	745.0	231.72	0.74	2.24	2.84	180.5	35221900.MNS	NANO	2.01908072128e+13	230.0
CHY023	22.9633	120.2882	515	2	24.43635	121.909666667	24.15	6.24	279.7855	271.1452	232.19	0.78	2.88	1.98	180.1	51521900.MNS	NANO	2.01908072128e+13	225.0
CHY065	22.9033	120.3517	550	2	24.43635	121.909666667	24.15	6.24	222.6924	354.0	232.48	1.04	2.8	3.18	180.0	55021900.MNS	NANO	2.01908072128e+13	223.0
ILA050	24.425	121.749	508	5	24.43635	121.909666667	24.15	6.24	626.57	36.0	16.33	52.54	162.64	154.24	120.0	F0821900.SMT	SMTA	2.01908072127e+13	266.0
HWA019	23.975	121.6135	499	3	24.43635	121.909666667	24.15	6.24	503.524672709	216.1	59.29	5.14	12.26	12.08	180.0	E9921900.SMT	SMTA	2.01908072127e+13	210.0
HWA019	23.975	121.6135	192	3	24.43635	121.909666667	24.15	6.24	503.524672709	216.1	59.29	5.4	12.8	12.26	90.0	19221900.CVA	CVA	2.01908072127e+13	210.0
TAP117	25.0133	121.5395	333	4	24.43635	121.909666667	24.15	6.24	408.230465756	146.0	74.15	13.32	61.82	39.0	180.0	D3321900.SMT	SMTA	2.01908072127e+13	330.0
TAP117	25.0133	121.5395	985	4	24.43635	121.909666667	24.15	6.24	408.230465756	146.0	74.15	25.86	57.26	29.52	72.0	98135600.EVT	ETNA	2.01908072128e+13	330.0
TAP001	25.0367	121.5138	667	4	24.43635	121.909666667	24.15	6.24	177.424860798	555.0	77.72	45.58	75.86	37.3	180.0	G6721900.SMT	SMTA	2.01908072127e+13	329.0
TAP007	25.0733	121.5168	279	4	24.43635	121.909666667	24.15	6.24	204.3179	231.0	80.99	28.24	74.7	73.76	180.0	C7921900.SMT	SMTA	2.01908072127e+13	331.0
TCU054	24.16	120.6848	453	3	24.43635	121.909666667	24.15	6.24	436.9992	186.0	128.04	2.38	9.86	7.02	37.0	T453001.356	A900	2.01908072125e+13	256.0
TCU076	23.905	120.6835	398	2	24.43635	121.909666667	24.15	6.24	573.2302	26.0	137.71	2.72	5.2	5.22	60.0	D9804700.SMT	SMTA	2.01908072128e+13	245.0
