201904180501 07.1124 3.2612133.55 20.336.3299  4.0 330.33 0.2 0.1 F674B 16180500.P19663   
 HWA027 6    4.00  143.30 226.06 382.08 223.5 39610800.MNS NANO 20190418050011.   91.     
 MND025 5    4.21  124.90 167.74 225.64  81.0 T575001.108  A900 20190418050020.  134.     
 HWA048 5    5.42   89.62 142.18 142.08  88.0 12110800.CVA CVA  20190418045941.  156.     
 HWA023 5    5.48   91.32 169.02 111.18 120.0 E8810800.SMT SMTA 20190418050000.   57.     
 HWA028 6    6.77  125.08 264.34 121.82 238.4 33510800.MNS NANO 20190418050011.  131.     
 HWA049 7    6.80  188.68 419.84 289.84 240.0 N7310800.SMT SMTA 20190418050000.  175.     
 HWA011 5    7.47  136.58 197.14 126.98  94.0 13110800.CVA CVA  20190418045956.  151.     
 TRB042 5    7.51   72.42 139.42 117.40 102.0 02510800.CVA CVA  20190418050036.  143.     
 MND006 5    7.74  112.32 202.24  68.20  69.0 T497001.108  A900 20190418050050.  123.     
 HWA050 6    8.04  199.74 254.60 248.14  87.0 11810800.CVA CVA  20190418045825.  156.     
 HWA008 5    8.66   81.06 148.34  95.04 106.0 12210800.CVA CVA  20190418050043.  149.     
 HWA015 6    9.03  192.26 345.18 295.02 229.6 46710800.MNS NANO 20190418050011.  178.     
 HWA010 5    9.51  128.04 238.02  92.80  92.0 13510800.CVA CVA  20190418045843.  152.     
 HWA013 5    9.60  110.02 221.98 125.56 300.0 N7410800.SMT SMTA 20190418050000.  155.     
 HWA026 5    9.70  137.16 144.46 232.26 223.5 39010800.MNS NANO 20190418050011.   43.     
 HWA012 5   10.08   71.04  97.62  52.48 240.0 N5410800.SMT SMTA 20190418050000.  133.     
 HWA016 6   10.14  161.42 303.06 293.30  74.0 12710800.CVA CVA  20190418050017.  175.     
 HWA007 5   10.14   94.94  83.78  71.96  88.0 12510800.CVA CVA  20190418045954.  138.     
 MND016 5   10.29  120.38 122.76  90.12  90.0 06010800.CVA CVA  20190418050133.  146.     
 HWA062 5   10.32   96.08 139.28  89.74 180.0 G7510800.SMT SMTA 20190418050000.  143.     
 HWA014 5   10.35   75.20 109.90 134.18 101.0 13610800.CVA CVA  20190418045959.  153.     
 HWA019 6   10.38  104.54 251.90 236.52 239.7 20110800.MNS NANO 20190418050012.  148.     
 HWA017 6   11.82  197.16 309.42 321.52  71.0 13410800.CVA CVA  20190418050043.  186.     
 HWA058 7   11.90  286.36 549.64 378.68 120.0 F3210800.SMT SMTA 20190418050000.  215.     
 HWA047 5   12.52  232.08   0.00 162.52 240.0 N6610800.SMT SMTA 20190418050000.   51.     
 HWA046 5   12.57  126.62 144.78 147.72 214.3 38010800.MNS NANO 20190418050012.   34.     
 HWA069 6   13.05  218.80 258.90 299.90 240.0 N7510800.SMT SMTA 20190418050000.    5.     
 HWA057 6   13.25  133.28 364.50 193.24 180.0 D2010800.SMT SMTA 20190418050000.   29.     
 HWA029 5   13.31   90.10 136.80 174.48 234.3 38810800.MNS NANO 20190418050012.  172.     
 MTN163 5   14.73   76.94 104.52  62.36  84.0 T046001.108  A900 20190418050047.  249.     
 HWA025 5   15.19  131.96 134.06 117.74 222.7 17610800.MNS NANO 20190418050012.   38.     
 MTN164 4   15.45   30.66  42.62  43.30  76.0 T158001.108  A900 20190418050037.  251.     
 HWA018 5   16.80   97.98 129.12 101.94  81.0 11110800.CVA CVA  20190418050105.  189.     
 HWA060 5   17.26   69.16 123.56 119.94 180.0 F3810800.SMT SMTA 20190418050000.  165.     
 HWA068 5   17.41   91.66 180.04 136.30 234.5 46310800.MNS NANO 20190418050012.  183.     
 HWA072 5   18.64  103.54 174.47 181.07 240.0 O6410800.SMT SMTA 20190418050000.  335.     
 MTN160 5   20.09   68.27 126.72 120.69 213.3 43110800.MNS NANO 20190418050012.  327.     
 HWA051 5   20.68  133.26 189.82 179.68 180.0 C0610800.SMT SMTA 20190418050000.  181.     
 HWA059 5   21.01  104.10 112.30 143.96 180.0 F4410800.SMT SMTA 20190418050000.  195.     
 MTN168 5   23.43  105.84 140.46 192.06  90.0 T117001.108  A900 20190418050048.  311.     
 HWA052 5   27.44   60.00 112.36 101.86  62.0 12910800.CVA CVA  20190418045943.  198.     
 MTN145 5   28.75   80.26 105.42 144.02 217.0 42310800.MNS NANO 20190418050014.  299.     
 HWA020 6   29.38   86.54 252.64 201.92 120.0 E9410800.SMT SMTA 20190418050000.  204.     
 HWA001 5   29.39   42.42 108.78 130.66 222.2 30510800.MNS NANO 20190418050015.  179.     
 HWA074 5   29.55   37.78 106.14  84.82 120.0 D3410800.SMT SMTA 20190418050000.  179.     
 TCU130 5   30.77   86.50 115.14 119.34 180.0 F4010800.SMT SMTA 20190418050000.  289.     
 HWA030 5   31.73   76.14 107.56 130.88 217.6 35610800.MNS NANO 20190418050014.  199.     
 TRB043 4   33.30   49.08  51.58  61.48  70.0 02210800.CVA CVA  20190418050019.   36.     
 HWA045 5   34.20   75.68 123.48 114.74 180.0 D0910800.SMT SMTA 20190418050000.   34.     
 HWA067 4   34.46   60.34  57.68  67.76 221.5 37910800.MNS NANO 20190418050015.  195.     
 ILA053 5   35.53   72.58 114.04  98.04 120.0 C8010800.SMT SMTA 20190418050000.   31.     
 MTN146 5   37.72   32.18  99.14 107.70  90.0 T430001.245  A900 20190418050050.  306.     
 HWA035 5   37.73   51.66 142.96  75.68 217.3 39410800.MNS NANO 20190418050015.  198.     
 HWA043 4   38.39   20.98  45.64  36.34 180.0 F1610800.SMT SMTA 20190418050000.  182.     
 MTN172 4   38.50   33.22  56.78  54.88 215.5 39910800.MNS NANO 20190418050015.  304.     
 TCU206 4   38.55   34.02  64.12  59.82 240.0 L9610800.SMT SMTA 20190418050000.  304.     
 MTN169 5   39.02   49.92 100.98  84.94  90.0 T153001.245  A900 20190418050056.  285.     
 MTN162 4   39.34   31.10  41.40  43.04 234.7 16810800.MNS NANO 20190418050016.  275.     
 TCU191 4   39.46   34.84  55.74  58.72 180.0 D1410800.SMT SMTA 20190418050000.  274.     
 MTN141 5   39.72   33.10  60.90 107.14  85.0 T077001.245  A900 20190418050055.  317.     
 TCU188 5   40.45   44.48 130.96  84.94 180.0 D2210800.SMT SMTA 20190418050000.  321.     
 TCU202 4   40.54   47.62  69.58  58.58 120.0 C8610800.SMT SMTA 20190418050000.  254.     
 HWA032 5   40.86   66.98 106.68 144.82 208.3 36510800.MNS NANO 20190418050015.  200.     
 MTN175 4   41.33   24.38  56.26  58.64  86.0 T007001.245  A900 20190418050055.  327.     
 MTN166 5   41.57   20.88  89.76  92.86 207.2 42610800.MNS NANO 20190418050016.  281.     
 HWA033 4   41.69   41.44  65.38  67.54 180.0 D3110800.SMT SMTA 20190418050000.  191.     
 MTN174 4   44.00   36.52  56.52  54.04 210.4 14710800.MNS NANO 20190418050016.  324.     
 HWA006 5   44.63   49.04  90.84 129.72  70.0 13010800.CVA CVA  20190418045948.  198.     
 HWA044 4   44.66   13.92  26.60  20.34 205.4 32710800.MNS NANO 20190418050021.  183.     
 HWA071 5   44.75   79.34 127.60 146.66 120.0 C9510800.SMT SMTA 20190418050000.  197.     
 TRB038 5   45.25  109.20 114.80 179.84  75.0 03410800.CVA CVA  20190418045457.  198.     
 ILA050 5   45.44   55.64 177.20 185.44  67.0 63403100.EVT K2   20190418050107.   25.     
 HWA005 5   45.70   34.74 119.38 146.90 228.1 37010800.MNS NANO 20190418050017.  197.     
 TCU088 5   45.80   22.60  82.50  47.74 180.0 F1410800.SMT SMTA 20190418050000.  298.     
 ILA067 5   46.12   37.24 109.92 105.68 240.0 O1110800.SMT SMTA 20190418050000.  337.     
 ILA075 5   48.66   61.86 159.44 161.70 180.0 D4010800.SMT SMTA 20190418050000.   27.     
 MTN129 4   49.85   45.10  63.86  73.42  87.0 T109001.245  A900 20190418050056.  344.     
 HWA002 3   50.68    8.94  15.76  16.42 240.0 N6510800.SMT SMTA 20190418050000.  184.     
 MTN128 5   50.78   48.14  83.70  50.04 215.7 12610800.MNS NANO 20190418050017.    6.     
 ILA065 5   51.17  102.60 154.08 229.82 180.0 E9110800.SMT SMTA 20190418050000.   26.     
 TRB044 5   51.54  134.58 200.12 126.72  76.0 01810800.CVA CVA  20190418045742.   28.     
 ILA064 5   51.80   85.78 103.08 110.18 180.0 D5710800.SMT SMTA 20190418050000.   26.     
 ILA062 5   51.81   76.72 144.04 116.64 224.5 50610800.MNS NANO 20190418050018.   28.     
 MTN181 5   53.38   25.74  83.02  90.96 217.5 18810800.MNS NANO 20190418050018.  356.     
 HWA034 4   54.67   31.68  63.28  56.28 210.1 39110800.MNS NANO 20190418050019.  199.     
 MTN167 4   57.34   35.40  31.42  47.90 213.4 11810800.MNS NANO 20190418050018.  259.     
 MTN147 4   58.55   18.72  24.76  39.84  89.0 T076001.245  A900 20190418050058.  286.     
 ILA061 5   58.73   29.82  71.52 100.10 180.0 C9810800.SMT SMTA 20190418050000.   28.     
 TCU074 3   60.70    7.76  16.10  21.28 240.0 L5210800.SMT SMTA 20190418050000.  260.     
 ILA074 4   60.90   16.86  34.50  72.28  60.0 G7610800.SMT SMTA 20190418050100.  356.     
 MTN127 4   61.24   19.90  32.02  34.84 212.2 18410800.MNS NANO 20190418050020.  346.     
 TCU073 3   61.39    5.26  10.34   8.76 240.0 B8810800.SMT SMTA 20190418050000.  266.     
 ILA063 4   61.97   25.62  73.62  53.72 240.0 O1510800.SMT SMTA 20190418050000.  357.     
 HWA066 2   63.46    4.88   7.60   6.64  48.0 12310800.CVA CVA  20190418045911.  184.     
 MTN134 4   63.73   21.58  35.74  53.44 220.6 41410800.MNS NANO 20190418050020.  336.     
 HWA003 2   64.30    4.20   7.44   6.24 240.0 N6710800.SMT SMTA 20190418050000.  185.     
 TCU198 3   64.39    7.94  15.20  14.68 240.0 M3810800.SMT SMTA 20190418050000.  268.     
 HWA036 4   64.46   13.68  28.46  20.90 208.4 35410800.MNS NANO 20190418050022.  197.     
 TCU148 3   64.54   10.66  13.22  15.26  60.0 B9610800.SMT SMTA 20190418050100.  260.     
 ILA060 5   64.57   41.32  91.68  63.86 120.0 F0310800.SMT SMTA 20190418050000.   27.     
 ILA025 5   64.65   44.68 172.56  57.50 240.0 O1710800.SMT SMTA 20190418050000.    1.     
 MTN131 5   64.70   50.10 116.70  69.70  78.0 T061001.245  A900 20190418050100.   23.     
 HWA021 4   65.29   12.72  30.36  30.34  60.0 E9510800.SMT SMTA 20190418050100.  201.     
 TCU080 3   65.49    6.80   9.48  12.88 240.0 O2210800.SMT SMTA 20190418050000.  255.     
 TCU207 3   65.85    6.26   8.22   7.12 240.0 L7810800.SMT SMTA 20190418050000.  270.     
 ILA043 5   66.10   45.96 137.40 134.96  71.0 08410800.CVA CVA  20190418050107.   16.     
 ILA076 5   66.17   60.54 158.48 106.22 120.0 F2110800.SMT SMTA 20190418050100.   14.     
 ILA031 5   66.57   47.22  98.02  94.06  66.0 08510800.CVA CVA  20190418050133.   25.     
 ILA007 5   66.67   56.92 141.00 108.94  82.0 06410800.CVA CVA  20190418050121.   27.     
 MTN139 4   66.69   24.86  35.04  53.82 210.4 42410800.MNS NANO 20190418050020.  353.     
 TCU195 4   66.80   13.26  37.10  34.82 240.0 O6210800.SMT SMTA 20190418050000.  336.     
 TRB041 5   66.87   47.66 205.92 146.12  75.0 02010802.CVA CVA  20190418050033.   25.     
 TCU203 3   67.05    6.88   9.82  11.80 240.0 N2310800.SMT SMTA 20190418050000.  292.     
 ILA071 5   67.21   51.96 165.96 115.76  72.0 09110800.CVA CVA  20190418050044.   21.     
 ILA068 5   67.31   52.68 100.88  67.92 120.0 D0610800.SMT SMTA 20190418050100.   27.     
 MTN136 4   67.46   10.76  19.56  34.96  89.0 T022001.108  A900 20190418050100.  318.     
 ILA022 4   68.48   29.06  64.56  62.06 206.5 18210800.MNS NANO 20190418050021.    8.     
 ILA052 4   68.52   26.16  49.58  63.50  60.0 E9810800.SMT SMTA 20190418050100.   26.     
 MND014 4   68.53   20.54  57.00  41.00  59.0 05910800.CVA CVA  20190418045945.   28.     
 MTN148 3   68.67    5.64   8.62   7.50  71.0 T014001.245  A900 20190418050106.  281.     
 TCU189 3   68.75    5.84   9.82   6.78 240.0 O5810800.SMT SMTA 20190418050000.  281.     
 HWA037 3   68.81   15.32  24.48  16.70 236.3 38310800.MNS NANO 20190418050024.  194.     
 ILA032 5   68.81   41.88  60.76 100.32 210.5 42010800.MNS NANO 20190418050021.   24.     
 TCU084 3   68.96    6.08  14.54  14.72 120.0 C0310800.SMT SMTA 20190418050100.  254.     
 HWA038 3   69.26    7.46  13.84   9.30 208.9 35810800.MNS NANO 20190418050023.  198.     
 ILA023 4   69.34   25.48  66.46  51.18 216.1 45410800.MNS NANO 20190418050021.    4.     
 ILA044 5   69.50   36.50 101.50 128.28  99.0 09210800.CVA CVA  20190418050113.   17.     
 ILA047 5   69.51   35.40  91.46 143.22 300.0 O7010800.SMT SMTA 20190418050000.   20.     
 TCU169 4   69.56    0.00  20.52  32.64 240.0 F3710800.SMT SMTA 20190418050000.  303.     
 TCU142 3   69.95    4.04   4.98   8.38 240.0 O1410800.SMT SMTA 20190418050000.  263.     
 ILA046 5   70.14   32.24  52.08 114.92 216.5 53110800.MNS NANO 20190418050021.   15.     
 MTN180 2   70.25    7.14   6.18   7.64 199.5 43410800.MNS NANO 20190418050024.  302.     
 ILA018 5   70.51   28.46  70.26  82.14 240.0 L8110800.SMT SMTA 20190418050000.   11.     
 ILA006 5   70.52   37.16  88.24 128.04  80.0 06210800.CVA CVA  20190418044647.   23.     
 MTN179 3   70.84    8.04  14.82  15.00  83.0 T476001.108  A900 20190418050102.  299.     
 TCU072 3   71.33    4.66   8.44  12.06 240.0 O2810800.SMT SMTA 20190418050000.  269.     
 TCU085 4   71.33   29.86  41.90  60.26 240.0 N8310800.SMT SMTA 20190418050000.  344.     
 ILA058 5   71.59   28.92 165.60 128.42  91.0 10910800.CVA CVA  20190418050055.   16.     
 ILA026 5   71.91   35.78 131.46 137.64 254.8 53010800.MNS NANO 20190418050021.   18.     
 MTN137 3   72.01    9.64  13.90  15.94 205.9 41110800.MNS NANO 20190418050021.  339.     
 TCU089 2   72.07    3.34   3.92   4.78  60.0 B7910800.SMT SMTA 20190418050100.  257.     
 ILA059 5   73.04   18.66  87.78  90.62 120.0 D4110800.SMT SMTA 20190418050100.   22.     
 ILA027 5   73.38   19.48  83.02  60.22 300.0 M9810800.SMT SMTA 20190418050000.   17.     
 ILA021 4   73.41   18.16  45.66  61.02  65.0 10410800.CVA CVA  20190418050158.    7.     
 MTN132 3   73.80    6.72  13.62  13.62 200.8 20910800.MNS NANO 20190418050022.  321.     
 ILA042 5   74.22   26.36  89.82  62.16 262.5 50910800.MNS NANO 20190418050022.   19.     
 ILA051 5   74.57   39.02  94.90 111.82 120.0 C3610800.SMT SMTA 20190418050100.   10.     
 ILA072 5   74.69   12.96  74.72  97.78 254.6 50810800.MNS NANO 20190418050023.   17.     
 TCU193 3   75.35    7.98   9.64  18.40 240.0 N4310800.SMT SMTA 20190418050000.  320.     
 ILA008 5   75.42   25.52  85.82  63.84  91.0 08110800.CVA CVA  20190418050100.   17.     
 ILA005 5   75.67   23.14  85.42  75.72  92.0 06110800.CVA CVA  20190418050054.   20.     
 MTN133 3   75.72    7.20  11.54  14.92 212.7 11610800.MNS NANO 20190418050025.  327.     
 HWA053 3   75.78    8.10  10.40  10.84  47.0 11310800.CVA CVA  20190418050056.  199.     
 ILA038 4   76.06   17.98  39.22  59.26 300.0 N3510800.SMT SMTA 20190418050000.   14.     
 TCU078 2   76.69    4.76   5.72   6.28 198.3 39710800.MNS NANO 20190418050031.  249.     
 HWA039 3   77.09    5.34   8.94  10.00 213.5 36310800.MNS NANO 20190418050031.  195.     
 ILA030 5   77.11   30.54  48.84  82.72  96.0 08310800.CVA CVA  20190418050004.   16.     
 TCU069 3   77.41    6.16  11.94   9.26 216.1 57110800.MNS NANO 20190418050025.  287.     
 ILA013 4   77.43   22.88  77.48  64.82  96.0 08710800.CVA CVA  20190418050114.   14.     
 MTN177 3   77.49    7.00  11.56  12.22  84.0 T063001.245  A900 20190418050104.  301.     
 MTN176 3   77.63   10.96  13.34  10.92 206.7 41710800.MNS NANO 20190418050023.  306.     
 MTN178 3   77.82   13.46  23.66  22.24 233.9 53910800.MNS NANO 20190418050023.  295.     
 ILA020 5   77.86   15.22  85.30  60.88 211.1 43310800.MNS NANO 20190418050022.    6.     
 ILA041 5   77.89   17.12  59.48  93.28 104.0 14510800.CVA CVA  20190418050119.   18.     
 TTN031 3   77.89    5.64  18.56  15.48 210.9 54910800.MNS NANO 20190418050026.  187.     
 ILA016 5   77.98   26.84  82.46  76.36 225.7 30910800.MNS NANO 20190418050023.   10.     
 TCU209 3   78.09    5.62   7.34   8.04 240.0 O2710800.SMT SMTA 20190418050000.  325.     
 TCU071 3   78.11    5.06   8.18   9.98 205.3 47110800.MNS NANO 20190418050027.  264.     
 ILA037 5   78.12   22.16  62.20  91.30 230.4 48510800.MNS NANO 20190418050023.   12.     
 MTN170 3   78.43    7.32  13.52  14.82 197.9 41610800.MNS NANO 20190418050032.  246.     
 MND001 3   78.46    6.02   9.94   9.42  50.0 T499001.108  A900 20190418050112.  284.     
 MTN138 3   78.62   13.48  16.66  20.60 200.4 41810800.MNS NANO 20190418050023.  344.     
 MTN153 3   78.76    5.86   7.88   9.04  72.0 T166001.108  A900 20190418050110.  338.     
 TCU174 3   78.89    5.22  11.42   8.88 222.6 48410800.MNS NANO 20190418050026.  284.     
 MTN150 3   78.96    6.10   9.40   9.34  78.0 T043001.245  A900 20190418050114.  284.     
 ILA004 4   79.84   13.62  45.76  75.32 262.1 52210800.MNS NANO 20190418050023.   17.     
 ILA028 4   79.94   23.36  67.68  73.36  88.0 08910800.CVA CVA  20190418050109.   14.     
 ILA055 4   79.95   17.68  73.92  77.08 120.0 D0410800.SMT SMTA 20190418050100.   19.     
 ILA070 5   80.09   25.90  60.78  82.08 300.0 M3910800.SMT SMTA 20190418050000.   14.     
 TRB039 4   80.11   15.40  43.92  61.68  95.0 01610800.CVA CVA  20190418050047.   15.     
 TAP129 4   80.27   15.54  32.08  22.02 240.0 O6810800.SMT SMTA 20190418050000.  356.     
 ILA039 4   80.45   16.72  59.44  51.20 300.0 N1710800.SMT SMTA 20190418050000.   12.     
 TCU185 3   80.86    7.22   9.52  13.12 180.0 F3610800.SMT SMTA 20190418050000.  300.     
 ILA049 4   81.09   16.20  39.96  45.16 120.0 C8810800.SMT SMTA 20190418050100.   14.     
 ILA015 4   81.51   17.44  56.42  33.28 240.0 O2510800.SMT SMTA 20190418050000.   10.     
 TCU025 3   81.59    5.96  10.62   9.08 240.0 O2110800.SMT SMTA 20190418050000.  332.     
 ILA029 4   81.84   19.08  42.20  43.10 225.9 23710800.MNS NANO 20190418050027.   14.     
 HWA073 3   82.05    4.10   8.90  10.54  60.0 F2910800.SMT SMTA 20190418050100.  197.     
 HWA024 2   82.10    6.42   6.50   6.28  60.0 F2310800.SMT SMTA 20190418050100.  198.     
 TCU204 3   82.11    5.50  10.80   9.66 240.0 L8310800.SMT SMTA 20190418050000.  241.     
 ILA056 4   82.23   11.94  47.66  57.86 120.0 D1310800.SMT SMTA 20190418050100.   18.     
 TTN001 3   82.47    4.18   7.42   8.02 240.0 N0310800.SMT SMTA 20190418050000.  188.     
 TCU077 3   82.50    4.40  11.48  13.30 214.1 49710800.MNS NANO 20190418050034.  252.     
 ILA012 4   82.51   19.82  32.26  47.42  87.0 07910800.CVA CVA  20190418050050.   13.     
 ILA040 4   83.16   15.32  51.66  76.14 120.0 D8710800.SMT SMTA 20190418050100.   17.     
 TCU143 3   83.27    9.36  16.28  16.92 226.5 57810800.MNS NANO 20190418050028.  257.     
 TCU068 3   83.55    4.80  13.68   8.10 217.9 53710800.MNS NANO 20190418050032.  287.     
 MTN151 3   83.72   14.30  23.06  20.48  90.0 T098001.108  A900 20190418050105.  280.     
 HWA065 3   83.95    3.48   8.38   9.74 203.8 35710800.MNS NANO 20190418050035.  197.     
 TRB034 3   84.00    4.66  13.16  13.56  51.0 02410800.CVA CVA  20190418050037.  197.     
 TCU045 3   84.23    8.36  11.74   8.62 209.0 52310800.MNS NANO 20190418050025.  310.     
 HWA055 3   84.27    4.80   9.86   8.70  61.0 09510800.CVA CVA  20190418050026.  195.     
 TCU046 3   84.28    5.64  10.18   7.76 300.0 L6310800.SMT SMTA 20190418045800.  303.     
 TCU067 3   84.59    8.18  11.60  11.64 240.0 M0510800.SMT SMTA 20190418050000.  273.     
 TCU196 3   84.64    4.46  10.04  12.98 120.0 D7710800.SMT SMTA 20190418050100.  234.     
 TCU127 3   84.73    7.02  10.28  10.16 120.0 G6810800.SMT SMTA 20190418050100.  319.     
 TCU023 4   85.11    9.74  18.18  25.66 234.1 56910800.MNS NANO 20190418050025.  330.     
 TCU087 3   85.43    9.60  16.44  10.26 120.0 J0810800.SMT SMTA 20190418050100.  292.     
 TCU186 3   85.65    9.62  20.40  21.90 240.0 O4710800.SMT SMTA 20190418050000.  344.     
 TCU197 3   85.68    8.48  13.16  10.48 240.0 O6510800.SMT SMTA 20190418050000.  320.     
 TCU170 2   86.06    4.02   7.06   7.96 208.6 45110800.MNS NANO 20190418050026.  277.     
 MTN143 3   86.23    8.84  20.92  18.64  85.0 T418001.245  A900 20190418050105.  335.     
 ILA034 3   86.76   10.12  17.52  23.10 300.0 M3610800.SMT SMTA 20190418050000.   17.     
 MTN105 3   86.98   15.38  14.57  14.47  82.0 T255001.108  A900 20190418050101.  358.     
 TCU102 3   87.05    4.84   7.60   8.48 215.3 55710800.MNS NANO 20190418050027.  284.     
 MTN125 4   87.21   10.66  34.34  19.98 204.9 14110800.MNS NANO 20190418050026.    6.     
 TRB017 2   87.24    3.72   6.58   7.80  56.0 01010800.CVA CVA  20190418045944.  285.     
 TCU065 4   87.39   10.68  25.36  20.84 233.0 16510800.MNS NANO 20190418050026.  270.     
 TCU157 3   87.58    7.22  11.74   9.78 240.0 N0410800.SMT SMTA 20190418050000.  269.     
 CHY121 3   87.64    0.00  12.24  13.58 120.0 F3510800.SMT SMTA 20190418050100.  224.     
 ILA035 4   87.67   12.30  28.74  28.88 231.9 53810800.MNS NANO 20190418050024.   14.     
 TCU099 3   87.89    3.64   7.92   9.32 207.0 44810800.MNS NANO 20190418050026.  276.     
 TCU150 3   87.91    5.46  11.42  14.26 227.3 42810800.MNS NANO 20190418050028.  258.     
 TCU101 2   87.99    6.52   5.48   7.02 240.0 L8210800.SMT SMTA 20190418050000.  283.     
 TCU028 3   88.01    9.18  15.76  14.22 234.1 17110800.MNS NANO 20190418050026.  324.     
 TRB040 4   88.14   12.38  30.10  37.54  82.0 01910800.CVA CVA  20190418045928.   14.     
 TCU156 2   88.31    4.02   6.16   4.22 240.0 L9810800.SMT SMTA 20190418050000.  285.     
 TCU049 3   88.42    6.50   7.12   8.82 206.7 55410800.MNS NANO 20190418050026.  279.     
 MND007 3   88.43    4.12   6.92   8.38  40.0 T507001.245  A900 20190418050118.  277.     
 TCU199 3   88.45    4.26  11.52   9.66 240.0 N5710800.SMT SMTA 20190418050000.  253.     
 TCU066 3   88.66    7.12   9.04  10.88 205.0 55110800.MNS NANO 20190418050026.  281.     
 TCU058 2   88.70    5.20   7.32   5.44 240.0 M0010800.SMT SMTA 20190418050000.  284.     
 TCU184 3   88.81    7.68  11.72   0.00 225.3 50010800.MNS NANO 20190418050028.  248.     
 TCU210 3   89.01    9.92  19.66  21.88 300.0 C1510800.SMT SMTA 20190418050000.  334.     
 TCU075 3   89.02    8.40   9.88   9.18 120.0 F0710800.SMT SMTA 20190418050100.  265.     
 TCU095 3   89.04    8.88  18.46  16.22 228.8 58210800.MNS NANO 20190418050025.  322.     
 TCU125 3   89.08    7.88  24.56  20.50 230.6 21810800.MNS NANO 20190418050027.  263.     
 TRB018 3   89.10    4.96   7.14   8.98  49.0 00910800.CVA CVA  20190418045012.  276.     
 TCU062 3   89.22    7.24  13.42  12.54 218.5 56210800.MNS NANO 20190418050026.  274.     
 TCU024 4   89.32    9.04  25.40  27.64 120.0 D5910800.SMT SMTA 20190418050100.  328.     
 TCU044 3   89.35    7.86   9.70  12.36 240.0 O1910800.SMT SMTA 20190418050000.  296.     
 MTN122 3   89.42    9.66  13.14  11.30 202.4 40210800.MNS NANO 20190418050027.  352.     
 TRB006 3   89.48    8.22  10.38  10.38  66.0 03710800.CVA CVA  20190418050018.  297.     
 TCU082 3   89.53    4.40   7.90   9.64  60.0 C4510800.SMT SMTA 20190418050100.  276.     
 TCU128 3   89.55    6.96  10.96   8.28 120.0 B8310800.SMT SMTA 20190418050100.  296.     
 TCU124 3   89.61   10.10  14.08  18.58 240.0 L7510800.SMT SMTA 20190418050000.  260.     
 TAP124 3   89.64   11.18  14.10  18.54 200.3 57410800.MNS NANO 20190418050026.    0.     
 TCU054 3   89.65    4.48   6.48  10.74 213.0 23810800.MNS NANO 20190418050027.  278.     
 TCU172 3   89.74    4.42   9.88  10.32 206.8 59510800.MNS NANO 20190418050028.  276.     
 TCU103 2   90.23    0.00   5.77   5.90 204.5 20710800.MNS NANO 20190418050033.  288.     
 TCU030 3   90.28    7.84  12.42  12.62 219.3 12310800.MNS NANO 20190418050026.  311.     
 TCU166 2   90.36    5.36   6.78   7.92 120.0 B8204100.SMT SMTA 20190418050100.  257.     
 TCU129 2   90.37    5.40   7.10   7.98  60.0 C4110800.SMT SMTA 20190418050100.  257.     
 TCU021 3   90.56    7.94  14.92  11.30 209.8 17010800.MNS NANO 20190418050026.  334.     
 TCU177 3   90.57   10.98  20.38  17.44 216.3 44910800.MNS NANO 20190418050026.  317.     
 TCU076 3   90.59    5.60   9.90  11.92 210.7 22210800.MNS NANO 20190418050027.  260.     
 TCU161 3   90.59    5.50  11.38  13.34 240.0 N4910800.SMT SMTA 20190418050000.  339.     
 TCU053 3   90.76    4.88   8.42   9.68 206.9 24110800.MNS NANO 20190418050027.  280.     
 ILA002 4   90.84    8.38  25.20  28.76 224.8 35510800.MNS NANO 20190418050027.   16.     
 TTN032 2   90.88    2.42   4.56   4.46 240.0 M3310800.SMT SMTA 20190418050000.  189.     
 TCU159 3   90.90    7.24   9.98   9.58 120.0 D5210800.SMT SMTA 20190418050100.  260.     
 TCU032 3   90.97   11.20  16.62  16.10 236.8 52810800.MNS NANO 20190418050025.  305.     
 MND010 3   91.19    4.12   7.42   8.44  50.0 T498001.108  A900 20190418050059.  279.     
 HWA041 3   91.27    6.40   6.88   8.06 218.8 32910800.MNS NANO 20190418050027.  197.     
 TCU167 3   91.37    5.64  21.58  21.08 300.0 O2410800.SMT SMTA 20190418050000.  242.     
 MTN142 4   91.45   12.54  24.24  32.88 246.8 33810800.MNS NANO 20190418050026.  331.     
 TCU133 3   91.91    4.68  11.62  10.62  51.0 13924500.CVA CVA  20190418050140.  276.     
 MTN111 3   91.92    8.20  12.42  13.72  71.0 T080001.245  A900 20190418050114.  350.     
 TCU173 3   92.00    7.04  10.18  14.52 222.1 48910800.MNS NANO 20190418050028.  274.     
 TCU051 3   92.18    3.38  10.50   7.24 212.4 17710800.MNS NANO 20190418050028.  277.     
 TCU187 3   93.12    6.19  12.55   0.00 300.0 N8210800.SMT SMTA 20190418050000.  316.     
 TCU026 3   93.13    9.26  18.06  13.60 230.1 31610800.MNS NANO 20190418050026.  329.     
 TCU154 3   93.27    8.78  12.92  10.66 300.0 L6610800.SMT SMTA 20190418050000.  309.     
 TCU194 3   93.38    3.76   8.76  19.04 240.0 N5010800.SMT SMTA 20190418050000.  227.     
 TCU165 3   93.46    5.60   9.96  12.04 240.0 L7710800.SMT SMTA 20190418050000.  275.     
 TCU131 3   93.48    6.16  13.74  18.26 120.0 B6001200.SMT SMTA 20190418050100.  307.     
 TCU042 4   93.55    9.32  16.58  25.98 300.0 L7210800.SMT SMTA 20190418050000.  306.     
 ILA033 4   93.61    7.86  24.64  25.50 202.4 50410800.MNS NANO 20190418050030.   17.     
 TCU094 3   93.87    7.32  11.04  10.38 222.4 18710800.MNS NANO 20190418050026.  327.     
 TCU132 3   93.90    8.76  19.80  24.92 300.0 N5110800.SMT SMTA 20190418050000.  308.     
 TAP036 3   93.93    8.44   9.42  12.44 240.0 N8110800.SMT SMTA 20190418050000.    0.     
 TRB004 3   94.13    9.44  21.46  24.14  82.0 00410800.DBL CVA  20190418035313.  307.     
 TCU147 3   94.14   11.06  16.42  22.70 300.0 N4410800.SMT SMTA 20190418050000.  341.     
 TCU060 3   94.21    3.96   8.30   9.78 200.2 49810800.MNS NANO 20190418050028.  281.     
 TCU136 2   94.25    3.98   5.10   7.94 206.3 52110800.MNS NANO 20190418050028.  284.     
 TCU050 2   94.29    2.98   6.78   7.12 207.0 51110800.MNS NANO 20190418050029.  278.     
 TCU126 3   94.54    4.70  10.60  10.58 204.7 24610800.MNS NANO 20190418050031.  250.     
 TCU200 4   94.58   13.24  26.60  42.42 300.0 O1210800.SMT SMTA 20190418050000.  304.     
 TCU056 3   94.78    4.70  11.44   8.04 206.1 22110800.MNS NANO 20190418050028.  277.     
 TCU041 3   95.25    8.66  16.00  12.56 229.0 48110800.MNS NANO 20190418050027.  293.     
 TCU063 3   95.30    5.30  12.00  12.86 227.8 58110800.MNS NANO 20190418050028.  274.     
 TCU034 4   95.58   12.02  17.94  26.12 240.7 56610800.MNS NANO 20190418050027.  313.     
 ILA069 3   95.62    5.78   8.00   6.70 120.0 G7310800.SMT SMTA 20190418050100.   24.     
 TRB016 3   95.66   10.68  13.66   9.82  71.0 00610800.CVA CVA  20190418130033.  308.     
 TCU120 3   95.78    8.64  24.36  22.80 218.7 32010800.MNS NANO 20190418050028.  265.     
 TCU011 4   95.98   12.34  31.04  16.78 222.1 16410800.MNS NANO 20190418050027.  343.     
 TCU100 2   96.03    3.31   6.67   6.76 240.0 L5410800.SMT SMTA 20190418050000.  279.     
 TAP035 4   96.15   10.02  30.94  32.16 212.3 10510800.MNS NANO 20190418050027.  359.     
 MND020 3   96.16    7.82  19.30  24.34  82.0 05810800.CVA CVA  20190418050047.  342.     
 TCU013 3   96.22   14.08  18.74   0.00 223.6 16210800.MNS NANO 20190418050026.  339.     
 MND005 2   96.62    3.92   5.00   6.34  38.0 T489001.108  A900 20190418050119.  283.     
 MTN109 4   96.74   17.02  28.68  31.66  90.0 T180001.245  A900 20190418050107.  349.     
 TTN033 2   96.97    2.98   5.04   4.56 240.0 N5510800.SMT SMTA 20190418050000.  190.     
 TCU036 3   97.03    8.96  11.98  11.62 300.0 L8410800.SMT SMTA 20190418050000.  297.     
 TCU135 2   97.07    5.02   6.48   6.66 219.8 47510800.MNS NANO 20190418050028.  289.     
 CHY074 3   97.13    3.32   8.10   7.30 120.0 G7210800.SMT SMTA 20190418050100.  231.     
 HWA042 2   97.19    2.44   4.30   4.44 195.9 14410800.MNS NANO 20190418050040.  198.     
 TCU017 3   97.19    6.58   9.40   9.56 120.0 D2510800.SMT SMTA 20190418050100.  326.     
 MND013 3   97.38    3.38   8.02  10.50  51.0 05210800.CVA CVA  20190418050104.  231.     
 MTN123 4   97.40    9.72  26.52  33.04 217.5 39310800.MNS NANO 20190418050027.  359.     
 TCU022 3   97.81    7.82  14.42  13.14 240.8 18310800.MNS NANO 20190418050027.  324.     
 TCU138 3   98.43    4.82  16.76  15.40 214.6 47910800.MNS NANO 20190418050030.  261.     
 MTN110 3   98.49   10.60  22.24  24.44  90.0 T084001.108  A900 20190418050105.  351.     
 HWA070 3   98.54    3.20   8.08   9.82 120.0 F0510800.SMT SMTA 20190418050100.  196.     
 TCU029 3   98.63   10.78  12.54  15.78 206.4 57210800.MNS NANO 20190418050028.  304.     
 TCU033 3   98.69    8.96  23.96  12.38 120.0 D4410800.SMT SMTA 20190418050100.  315.     
 TCU104 2   98.81    4.14   5.44   7.58 211.4 55510800.MNS NANO 20190418050028.  282.     
 TCU205 3   98.83    4.14   6.90   8.28 300.0 N8010800.SMT SMTA 20190418050000.  289.     
 TCU027 3   98.99    8.28  10.34   9.38 223.0 36810800.MNS NANO 20190418050027.  330.     
 TCU035 3   99.12   10.04  11.98  12.76 233.6 55310800.MNS NANO 20190418050026.  309.     
 TAP085 3   99.13    7.92  12.40  10.78 196.7 42910800.MNS NANO 20190418050036.    9.     
 TRB020 3   99.19    5.72   8.08   7.94  51.0 01110800.CVA CVA  20190418050056.  254.     
 TAP039 3   99.42    9.00  15.04  19.32 225.3 13610800.MNS NANO 20190418050027.  349.     
 TCU015 3   99.53   10.34  13.58  15.98 236.7 16910800.MNS NANO 20190418050027.  321.     
 TAP074 4   99.85   15.48  27.64  19.24 300.0 O1310800.SMT SMTA 20190418050000.    5.     
 TRB023 3   99.99    5.22   8.46   5.48  46.0 00810800.CVA CVA  20190418050021.  289.     
 TRB005 4  100.11   17.48  50.74  34.24  82.0 00310800.CVA CVA  20190418045854.  308.     
 TAP053 4  100.26   12.00  43.12  32.80 300.0 N7910800.SMT SMTA 20190418050000.  358.     
 TCU064 2  100.74    4.64   7.70   6.94 300.0 L4610800.SMT SMTA 20190418050000.  289.     
 TCU098 3  100.87    8.14  13.98  13.16 300.0 N4010800.SMT SMTA 20190418050000.  319.     
 TRB022 2  101.17    5.42   6.72   7.16  51.0 00210800.CVA CVA  20190418045312.  286.     
 TCU116 3  101.18    7.22   9.98   8.74 215.3 19710800.MNS NANO 20190418050029.  257.     
 TCU012 4  101.18   10.58  32.66  25.92 236.0 51410800.MNS NANO 20190418050027.  345.     
 TCU037 3  101.24    7.40  13.34   8.88 226.9 13010800.MNS NANO 20190418050028.  299.     
 TCU096 3  101.49   15.24  16.86  12.12 235.4 15210800.MNS NANO 20190418050027.  324.     
 CHY024 3  101.61    5.74  10.22   9.04 211.1 11110800.MNS NANO 20190418050030.  251.     
 TCU040 3  101.68    7.56  20.50  15.10 300.0 N1910800.SMT SMTA 20190418050000.  295.     
 TAP047 3  101.76    8.82  18.76  17.30 228.0 10910800.MNS NANO 20190418050028.  348.     
 TCU201 4  101.83    9.26  18.76  26.68 300.0 L9010800.SMT SMTA 20190418050000.  272.     
 TRB003 3  101.97    6.68  11.68   6.56  82.0 01310800.CVA CVA  20190418045025.  324.     
 TCU081 3  101.99    8.90  17.98  17.58 120.0 C3710800.SMT SMTA 20190418050100.  327.     
 TCU038 3  102.05    6.64  21.78  12.24 120.0 D6910800.SMT SMTA 20190418050100.  298.     
 TCU164 3  102.12    7.86  14.84  15.50 300.0 M2810800.SMT SMTA 20190418050000.  327.     
 MTN159 2  102.23    3.54   6.34   5.86  70.0 T015001.245  A900 20190418050123.  198.     
 TCU061 3  102.29    4.80  12.68   8.12 236.8 50110800.MNS NANO 20190418050029.  275.     
 TAP067 3  102.34    9.62  11.52  14.28 120.0 C9110800.SMT SMTA 20190418050100.    2.     
 TAP033 4  102.40   13.96  48.08  33.02 217.8 31510800.MNS NANO 20190418050029.  359.     
 TCU090 3  102.52    4.04   8.26   7.34 205.9 22810800.MNS NANO 20190418050032.  244.     
 TCU123 3  102.58    8.72  13.10  11.54 250.9 37210800.MNS NANO 20190418050030.  268.     
 HWA004 3  102.67    4.50   7.74   8.48 240.0 N5910800.SMT SMTA 20190418050000.  198.     
 TCU105 3  102.78    3.22   6.90   9.48 240.0 N1810800.SMT SMTA 20190418050000.  281.     
 TAP119 4  102.91    9.56  32.04  27.70 300.0 C8510800.SMT SMTA 20190418050000.  359.     
 TCU107 3  102.96    7.06  19.82  19.60 300.0 L7610800.SMT SMTA 20190418050000.  271.     
 TCU059 3  103.05    9.88  13.80  13.78 227.1 51810800.MNS NANO 20190418050031.  283.     
 CHY080 3  103.17    4.66  10.72  18.62 240.0 O1610800.SMT SMTA 20190418050000.  241.     
 TAP044 3  103.19   13.26  21.10  23.70 231.9 31710800.MNS NANO 20190418050027.  351.     
 TCU180 3  103.31    5.60  13.38  11.62 249.7 54510800.MNS NANO 20190418050029.  266.     
 TCU006 3  103.43   10.28  22.38  20.50 228.4 12210800.MNS NANO 20190418050028.  336.     
 TCU016 3  103.49    6.10  13.48  12.84 240.3 44710800.MNS NANO 20190418050028.  324.     
 TCU097 3  103.53    7.00  17.42  15.92 214.1 21210800.MNS NANO 20190418050028.  322.     
 TCU020 3  103.55    8.46  19.90  15.02 237.8 20310800.MNS NANO 20190418050028.  327.     
 TAP113 3  103.57   11.10  16.02  14.72 240.0 L5310800.SMT SMTA 20190418050000.    7.     
 TCU152 3  103.61    4.90   8.24   7.18 300.0 B7110800.SMT SMTA 20190418050000.  324.     
 TCU181 3  103.70   11.08  16.38  12.26 242.2 50210800.MNS NANO 20190418050028.  264.     
 TRB019 3  103.78    6.42  13.90  18.24  68.0 00710800.CVA CVA  20190418050111.  272.     
 TCU171 3  103.79    3.84  12.84  12.70 221.3 49610800.MNS NANO 20190418050030.  288.     
 TCU070 3  104.02    5.72  19.20  17.88 230.0 47010800.MNS NANO 20190418050029.  279.     
 TCU158 3  104.05   11.26  14.48  15.30 300.0 N3210800.SMT SMTA 20190418050000.  271.     
 TAP115 4  104.06   19.26  62.08  45.14 226.4 19410800.MNS NANO 20190418050027.  355.     
 TAP072 3  104.20    8.72  19.92  14.28 211.4 22310800.MNS NANO 20190418050029.    6.     
 TCU018 4  104.35    9.00  27.94  19.24 240.2 14510800.MNS NANO 20190418050028.  331.     
 TRB021 3  104.43    7.90  17.46  16.46  87.0 04110801.CVA CVA  20190418050208.  271.     
 TCU108 3  104.45    6.28  12.14  14.52 237.0 36610800.MNS NANO 20190418050030.  272.     
 TAP030 4  104.53   13.92  52.70  30.62 300.0 N3610800.SMT SMTA 20190418050000.  359.     
 TAP043 4  104.58   11.00  27.72  32.64 224.6 14810800.MNS NANO 20190418050027.  352.     
 MTN152 4  104.77   14.00  37.46  29.58  90.0 T088001.245  A900 20190418050108.    1.     
 TAP027 4  104.85   20.90  45.28  50.86 229.1 34710800.MNS NANO 20190418050029.  357.     
 TAP101 4  104.87   12.26  31.04  21.14 240.0 O5910800.SMT SMTA 20190418050000.    1.     
 TAP032 4  104.99   30.66  68.86  59.38 240.2 12410800.MNS NANO 20190418050027.  356.     
 TAP071 4  105.09   17.18  38.54  34.50 215.4 22010800.MNS NANO 20190418050028.    3.     
 TAP054 4  105.14   19.36  25.28  34.96 120.0 C1010800.SMT SMTA 20190418050100.  354.     
 TAP127 3  105.15    3.84   7.38   9.78 240.0 D2810800.SMT SMTA 20190418050000.   15.     
 TRB013 4  105.48   22.16  39.84  45.00  88.0 02110800.CVA CVA  20190418050118.  353.     
 TAP029 4  105.55   20.30  32.68  44.44 218.5 19810800.MNS NANO 20190418050028.  359.     
 CHY083 3  105.72    6.02  15.90  15.74 120.0 C0010800.SMT SMTA 20190418050100.  250.     
 TCU175 3  105.83    8.64  23.84  24.96 243.0 45910800.MNS NANO 20190418050028.  340.     
 TCU009 3  106.05    7.30  15.68  15.60 247.6 19310800.MNS NANO 20190418050028.  342.     
 TAP117 4  106.33   17.32  56.00  46.90 120.0 D3310800.SMT SMTA 20190418050100.  359.     
 TAP073 3  106.39   13.28  23.70  23.62 240.0 N2610800.SMT SMTA 20190418050000.    7.     
 TCU182 3  106.52    6.58   9.00   9.98 235.9 56510800.MNS NANO 20190418050030.  260.     
 TTN061 3  106.56    3.42   8.42   7.76 240.0 O3710800.SMT SMTA 20190418050000.  200.     
 MTN116 4  106.64   10.16  29.74  18.92 212.9 40710800.MNS NANO 20190418050029.   10.     
 MTN158 3  106.70    7.30  13.52  13.64 212.3 42710800.MNS NANO 20190418050030.  213.     
 TCU091 3  106.74    7.54  19.16  24.58 240.1 19210800.MNS NANO 20190418050028.  344.     
 CHY028 3  106.94    4.94   9.84   8.28 120.0 C9310800.SMT SMTA 20190418050100.  244.     
 TAP031 4  106.98   17.30  50.42  52.18  78.0 98324500.EVT ETNA 20190418050109.  359.     
 TAP024 4  107.21   20.20  32.84  54.18 244.8 23110800.MNS NANO 20190418050027.  355.     
 TCU179 3  107.34    7.78  13.02  17.54 257.3 46210800.MNS NANO 20190418050029.  269.     
 TCU093 3  107.36    5.98  16.40  13.28 240.2 13510800.MNS NANO 20190418050029.  325.     
 TAP025 4  107.45   15.84  31.70  37.72 120.0 C7810800.SMT SMTA 20190418050100.  357.     
 TCU007 4  107.48   10.42  35.38  31.68 227.6 11310800.MNS NANO 20190418050028.  347.     
 TCU162 3  107.51    6.54   9.64  11.16 234.6 11710800.MNS NANO 20190418050030.  259.     
 TTN014 2  107.62    2.76   6.94   5.46  60.0 C4610800.SMT SMTA 20190418050100.  190.     
 TCU149 3  107.63    7.32   9.20  10.44 120.0 C3810800.SMT SMTA 20190418050100.  282.     
 TCU083 4  107.67    7.18  28.44  17.38 120.0 C4710800.SMT SMTA 20190418050100.  340.     
 TCU163 3  108.03    8.64  21.40  24.18 180.0 B8510800.SMT SMTA 20190418050000.  346.     
 TRB027 3  108.04    6.62  10.34  14.26  72.0 03610800.CVA CVA  20190418050201.  250.     
 ILA054 2  108.05    3.58   6.72   7.50 120.0 D0110800.SMT SMTA 20190418050100.   20.     
 TAP038 5  108.16   20.94  57.76  81.72 252.0 14610800.MNS NANO 20190418050028.  352.     
 TCU111 3  108.40    9.46  12.16  15.80 252.2 30410800.MNS NANO 20190418050029.  273.     
 TAP100 4  108.56   14.42  37.58  50.18 227.1 38410800.MNS NANO 20190418050027.  358.     
 TTN020 2  108.67    1.74   3.68   3.40 185.3 42210800.MNS NANO 20190418050043.  199.     
 TAP021 4  108.68   21.36  74.24  62.78 300.0 O2310800.SMT SMTA 20190418050000.    0.     
 CHY101 3  108.72    4.32  10.06  10.90 120.0 C0110800.SMT SMTA 20190418050100.  248.     
 TAP020 4  108.95   17.78  54.16  40.54 120.0 C8410800.SMT SMTA 20190418050100.  359.     
 TAP019 4  108.99    8.72  42.78  41.42  80.0 F7824500.EVT ETNA 20190418050112.  357.     
 TAP001 4  109.01    8.86  30.44  24.00 241.8 42110800.MNS NANO 20190418050027.  358.     
 TCU146 3  109.19    4.40  11.84  11.34 243.2 53510800.MNS NANO 20190418050033.  276.     
 TAP037 4  109.20   16.84  39.20  49.78 228.4 34010800.MNS NANO 20190418050029.  354.     
 MTN121 3  109.25    7.14  22.78  14.60  84.0 T165001.245  A900 20190418050111.    4.     
 TAP109 4  109.27   19.86  34.06  45.28 120.0 D6510800.SMT SMTA 20190418050100.    1.     
 TAP075 3  109.30    9.84  22.82  15.54 217.8 45010800.MNS NANO 20190418050031.    9.     
 TCU092 4  109.43    7.32  36.60  23.12 237.6 30610800.MNS NANO 20190418050029.  345.     
 CHY025 3  109.87    7.68  16.66  13.44 227.5 21110800.MNS NANO 20190418050029.  254.     
 MND015 4  109.92   15.28  43.36  32.60  69.0 05724500.CVA CVA  20190418050107.    2.     
 TRB001 4  110.11    9.84  22.10  25.10  78.0 03210800.CVA CVA  20190418044927.  358.     
 TCU019 3  110.21    6.84  20.46  22.72 231.7 13410800.MNS NANO 20190418050028.  328.     
 TAP015 4  110.36   23.90  32.04  54.62 218.8 11510800.MNS NANO 20190418050030.    1.     
 TRB026 3  110.39    6.06   9.22  12.58  62.0 03910800.CVA CVA  20190418045849.  250.     
 TTN051 3  110.44    4.80   8.22   7.08 120.0 F0010800.SMT SMTA 20190418050100.  210.     
 CHY003 3  110.53    5.16  10.04  11.20 120.0 D5310800.SMT SMTA 20190418050100.  250.     
 TRB012 4  110.70    0.00  35.22  34.91  90.0 03510800.CVA CVA  20190418045721.    3.     
 TAP012 4  110.83   10.10  37.44  33.60 300.0 M9210800.SMT SMTA 20190418050000.  358.     
 TAP014 4  111.01   14.00  35.68  39.98 180.0 D4310800.SMT SMTA 20190418050000.    0.     
 TAP013 4  111.03   13.00  39.34  26.68 120.0 C8710800.SMT SMTA 20190418050100.  359.     
 CHY103 3  111.07    8.34  13.10  14.16 120.0 D6010800.SMT SMTA 20190418050100.  249.     
 TCU008 4  111.13    8.28  38.98  21.10 240.0 17910800.MNS NANO 20190418050029.  342.     
 TAP011 4  111.18   14.42  31.90  31.06  79.0 98924500.EVT ETNA 20190418050109.  357.     
 TCU117 3  111.24    5.76  18.14  13.74 248.1 14310800.MNS NANO 20190418050030.  274.     
 TTN041 3  111.29    8.92  11.58  11.14 240.0 N6310800.SMT SMTA 20190418050000.  203.     
 MTN106 3  111.46    8.42  22.94  16.08  86.0 T017001.245  A900 20190418050110.   14.     
 CHY150 3  111.58    5.66  12.16  13.94 300.0 L9210800.SMT SMTA 20190418050000.  249.     
 TCU176 4  111.73    8.02  35.52  26.08 242.5 46610800.MNS NANO 20190418050029.  344.     
 TTN022 2  111.75    3.28   5.00   5.42 120.0 F2610800.SMT SMTA 20190418050100.  198.     
 CHY126 3  111.91    6.96  11.38  13.98 300.0 O5710800.SMT SMTA 20190418050000.  249.     
 TAP010 4  112.27    9.44  33.40  30.12 250.5 23410800.MNS NANO 20190418050029.  356.     
 TCU010 4  112.31    5.42  43.84  28.06 300.0 L8810800.SMT SMTA 20190418050000.  339.     
 TAP016 4  112.31   21.40  58.74  42.82 251.0 23510800.MNS NANO 20190418050029.  353.     
 TRB010 3  112.42    4.78   8.08  12.06  55.0 01510800.CVA CVA  20190418050155.   16.     
 TCU014 4  112.46   18.36  41.14  34.86 242.6 10710800.MNS NANO 20190418050029.  347.     
 TTN021 2  112.49    3.68   5.04   4.26 196.2 13110800.MNS NANO 20190418050031.  200.     
 TAP125 4  112.68   16.02  37.96  47.96 219.1 17510800.MNS NANO 20190418050029.    5.     
 TAP078 3  112.84    4.76  10.18  10.08 195.7 24910800.MNS NANO 20190418050039.   16.     
 TAP007 4  112.97   13.64  29.04  33.88  91.0 13824500.CVA CVA  20190418050131.  358.     
 TAP008 4  112.97   14.02  46.62  33.36  89.0 23824500.EVT K2   20190418050110.  359.     
 TAP079 3  113.05    4.34   9.20   7.08 240.0 M9410800.SMT SMTA 20190418050000.   19.     
 CHY092 3  113.12    7.90   9.04   8.80 234.5 12510800.MNS NANO 20190418050030.  255.     
 TCU121 3  113.34    8.20  14.72  13.20 245.4 34410800.MNS NANO 20190418050031.  261.     
 TCU144 3  113.43    5.14  14.12  12.58 300.0 O4910800.SMT SMTA 20190418050000.  272.     
 TCU141 3  113.45    9.68  12.48   9.90 243.6 59610800.MNS NANO 20190418050029.  257.     
 TAP009 4  113.55   37.50  53.80  50.62 120.0 B3610800.SMT SMTA 20190418050100.    1.     
 TAP080 3  113.70    9.32  18.50  17.28 208.3 22910800.MNS NANO 20190418050033.   20.     
 MND003 3  113.90    7.66  14.50  15.90  45.0 T482001.108  A900 20190418050102.  359.     
 TAP093 4  114.07   19.00  48.02  61.98  91.0 F8210800.EVT ETNA 20190418045631.    0.     
 TAP057 4  114.43   12.72  48.36  43.86 222.1 33010800.MNS NANO 20190418050031.    7.     
 TAP069 2  114.46    3.06   5.76   7.66 120.0 L5010800.SMT SMTA 20190418050100.   23.     
 MTN120 5  114.53   28.14 111.74  93.92  90.0 T173001.108  A900 20190418050107.  354.     
 CHY006 3  114.56    7.48   9.24  10.66 221.1 54010800.MNS NANO 20190418050032.  243.     
 TAP003 5  114.74   15.22  88.40  47.72 184.0 21710800.MNS NANO 20190418050029.  355.     
 TCU112 3  114.80    6.22  11.30  13.26 256.9 18910800.MNS NANO 20190418050031.  270.     
 TCU118 3  114.86   14.50  13.28  19.40 254.1 31910800.MNS NANO 20190418050029.  267.     
 TAP103 4  114.89   11.04  35.98  48.90 120.0 C3510800.SMT SMTA 20190418050100.   11.     
 TAP052 4  114.90   16.04  60.58  39.74 219.8 18610800.MNS NANO 20190418050029.  351.     
 CHY029 2  115.02    4.82   7.78   6.92 213.8 18110800.MNS NANO 20190418050031.  245.     
 CHY035 3  115.07    6.14  15.54  12.16 216.6 35010800.MNS NANO 20190418050034.  239.     
 TAP006 4  115.24   11.26  31.94  19.92 120.0 D0510800.SMT SMTA 20190418050100.  358.     
 TAP077 3  115.52    8.30   9.78   9.66 240.0 M3510800.SMT SMTA 20190418050000.   15.     
 TAP098 4  115.88   11.38  33.66  37.06 240.0 L9710800.SMT SMTA 20190418050000.  359.     
 TTN057 2  116.28    2.44   6.50   6.92 199.0 52610800.MNS NANO 20190418050043.  192.     
 TAP051 4  116.32   12.68  77.90  48.84 235.3 48610800.MNS NANO 20190418050029.  355.     
 TRB011 4  116.35    9.06  31.32  31.16  62.0 01710800.CVA CVA  20190418050046.    8.     
 MND009 4  116.40   14.80  68.12  31.12  69.0 T493001.108  A900 20190418050032.  351.     
 MTN156 2  116.52    5.62   7.56   6.66 203.6 42510800.MNS NANO 20190418050031.  220.     
 TCU178 3  116.68    7.08  12.90  10.96 181.2 59410800.MNS NANO 20190418050031.  269.     
 TAP087 4  116.80   18.06  40.54  26.00 120.0 B9110800.SMT SMTA 20190418050100.  353.     
 TCU004 4  117.09    6.54  44.60  29.34 242.4 15810800.MNS NANO 20190418050030.  342.     
 CHY084 3  117.27    7.22  11.40   8.58 233.4 30210800.MNS NANO 20190418050031.  252.     
 TCU168 4  117.55    4.56  26.34  34.60 244.1 13310800.MNS NANO 20190418050029.  334.     
 TCU003 4  117.61    7.74  41.68  33.10 244.6 11210800.MNS NANO 20190418050030.  339.     
 TAP063 3  117.83    7.74  20.54  17.76 211.9 38210800.MNS NANO 20190418050031.    9.     
 TCU183 3  117.95    8.34  10.08  10.80 246.4 54610800.MNS NANO 20190418050030.  260.     
 TAP096 4  118.00   10.26  22.86  26.62 300.0 N0110800.SMT SMTA 20190418050000.  357.     
 TAP046 3  118.18    7.22  19.02  18.36 212.9 22410800.MNS NANO 20190418050030.   11.     
 TTN023 2  118.20    2.28   5.20   4.90 199.7 41910800.MNS NANO 20190418050046.  200.     
 TCU160 4  118.22    5.60  35.32  26.64 300.0 M3210800.SMT SMTA 20190418050000.  344.     
 CHY034 3  118.39    7.14  17.06  11.52 300.0 N2410800.SMT SMTA 20190418050000.  240.     
 CHY041 3  118.82    4.44  11.12   9.68 240.0 M3710800.SMT SMTA 20190418050000.  235.     
 TCU002 4  118.88    4.78  29.00  21.16 255.3 32310800.MNS NANO 20190418050031.  336.     
 TAP042 4  119.04   14.62  38.08  40.72 240.0 37510800.MNS NANO 20190418050029.  355.     
 TAP002 4  119.05   17.72  63.52  54.92 300.0 O3110800.SMT SMTA 20190418050000.  355.     
 TRB009 3  119.44    6.62  15.12  17.52  56.0 01210800.CVA CVA  20190418050124.   12.     
 CHY026 3  119.48    8.26   9.46   8.68 252.4 14210800.MNS NANO 20190418050031.  256.     
 TCU192 4  119.56    4.98  28.24  18.56 300.0 N2010800.SMT SMTA 20190418050000.  336.     
 TCU113 3  119.80    8.80  14.20  13.48 262.4 13910800.MNS NANO 20190418050030.  261.     
 TAP045 3  119.89    5.96   8.86   9.78 206.1 15010800.MNS NANO 20190418050034.   13.     
 CHY036 3  119.93    4.32  11.96  15.92 300.0 N2910800.SMT SMTA 20190418050000.  245.     
 TAP106 4  119.96   19.92  61.38  38.16  86.0 F8124500.EVT ETNA 20190418050110.  356.     
 TTN042 2  120.16    1.28   5.77   3.74 240.0 N7810800.SMT SMTA 20190418050000.  193.     
 TAP094 4  120.57   21.90  46.06  32.14 239.2 24410800.MNS NANO 20190418050030.  356.     
 TAP111 3  120.68    6.80  13.50  10.48 240.0 O3210800.SMT SMTA 20190418050000.    9.     
 TAP107 3  120.86    8.14  16.18  17.26 120.0 B9710800.SMT SMTA 20190418050100.    9.     
 TAP061 3  121.06    8.52  16.20  22.86 215.0 16610800.MNS NANO 20190418050032.   10.     
 TAP121 3  121.13    8.54  17.98  21.50 218.3 35110800.MNS NANO 20190418050031.   11.     
 TCU208 3  121.34    7.42  16.74  17.02 120.0 F2210800.SMT SMTA 20190418050100.  262.     
 KAU054 2  121.40    2.46   3.16   3.94 187.4 52010800.MNS NANO 20190418050046.  225.     
 TAP049 5  121.56   25.80  97.72  71.24 233.1 10610800.MNS NANO 20190418050029.  355.     
 CHY010 2  121.68    4.08   6.32   6.40 120.0 D0010800.SMT SMTA 20190418050100.  237.     
 TCU140 3  121.68    7.18   8.34  14.42 256.7 21610800.MNS NANO 20190418050030.  265.     
 CHY002 3  121.87    7.12   9.80   9.02 259.9 14910800.MNS NANO 20190418050032.  252.     
 TAP050 5  122.37   19.26  57.92  82.08 232.3 21910800.MNS NANO 20190418050030.  353.     
 MTN117 4  122.59   16.72  53.14  34.62  90.0 T091001.245  A900 20190418050110.  356.     
 TAP130 3  122.73   10.02  23.34  21.46 240.0 F2510800.SMT SMTA 20190418050000.  359.     
 TAP059 3  122.76    8.26  16.80  14.74 209.4 15110800.MNS NANO 20190418050032.    6.     
 TAP060 3  123.14    7.60   8.50  22.70 209.4 15410800.MNS NANO 20190418050034.    8.     
 TAP104 4  123.17    5.10   0.00  26.24  61.0 98410800.EVT ETNA 20190418050148.    9.     
 TAP065 3  123.21    4.50  11.36   9.14 120.0 C5010800.SMT SMTA 20190418050100.   10.     
 TAP128 4  123.45   19.82  38.68  45.94 300.0 N7210800.SMT SMTA 20190418050000.  355.     
 CHY045 3  123.51    1.80   5.00   8.50 120.0 F3310800.SMT SMTA 20190418050100.  227.     
 TAP055 4  123.51   18.74  44.08  39.90 233.2 13810800.MNS NANO 20190418050030.  355.     
 CHY139 3  123.57    7.06  12.08  20.14 180.4 50510800.MNS NANO 20190418050034.  248.     
 TCU145 3  123.85    4.58  10.46  12.92 182.5 55210800.MNS NANO 20190418050033.  266.     
 TAP040 4  124.44   15.56  41.78  63.80 228.9 10410800.MNS NANO 20190418050030.  355.     
 CHY133 3  124.78    5.24  14.88   9.12 120.0 D5810800.SMT SMTA 20190418050100.  242.     
 TAP066 3  125.03    4.26   9.32   9.42 120.0 C9910800.SMT SMTA 20190418050100.  359.     
 CHY042 2  125.32    2.62   3.80   5.36  47.0 16924500.CVA CVA  20190418050153.  232.     
 CHY086 2  125.49    2.66   7.32   6.32 120.0 O1810800.SMT SMTA 20190418050100.  232.     
 CHY149 3  125.76    5.60  12.88  11.12 216.3 58510800.MNS NANO 20190418050035.  238.     
 CHY005 3  125.89    2.54   9.74  12.26 235.7 37110800.MNS NANO 20190418050047.  247.     
 CHY152 3  125.94    4.86  14.24  14.34 300.0 M3010800.SMT SMTA 20190418050000.  251.     
 TTN045 2  126.50    1.74   2.20   2.84 184.1 46510800.MNS NANO 20190418050052.  199.     
 TCU119 3  126.89   12.98  15.80  17.60 248.7 13710800.MNS NANO 20190418050031.  263.     
 TAP114 3  127.55    4.34  12.90  15.12 240.0 O6710800.SMT SMTA 20190418050000.    5.     
 CHY037 3  127.75    6.02   9.42   8.22 300.0 O4810800.SMT SMTA 20190418050000.  244.     
 CHY046 3  128.08    6.12  16.38   8.36  66.0 18224500.CVA CVA  20190418050151.  240.     
 CHY094 3  128.38    4.84  13.02   9.80 189.6 13210800.MNS NANO 20190418050049.  257.     
 CHY047 3  128.50    5.82  14.22  16.62 228.0 32810800.MNS NANO 20190418050034.  241.     
 CHY119 3  128.61    4.24   7.78   9.18 300.0 N6810800.SMT SMTA 20190418050000.  240.     
 CHY087 2  128.68    4.64   6.58   7.32 202.7 45310800.MNS NANO 20190418050049.  235.     
 CHY144 3  128.71    3.56   8.98  10.16 234.3 46910800.MNS NANO 20190418050048.  247.     
 MND017 3  129.14    5.88  14.84   9.24  63.0 05124500.CVA CVA  20190418050151.  241.     
 CHY014 3  129.61    3.44  10.76   8.32 120.0 D7010800.SMT SMTA 20190418050100.  230.     
 TAP084 3  129.65    7.58  14.86  18.22 226.4 24810800.MNS NANO 20190418050032.    3.     
 CHY073 3  130.40    3.36  11.18  13.82 120.0 D3810800.SMT SMTA 20190418050100.  242.     
 TRB024 3  130.63    5.04  11.42   9.06  58.0 04310800.CVA CVA  20190418050100.  241.     
 CHY048 3  130.64    4.88  11.46  11.16 233.1 31810800.MNS NANO 20190418050036.  240.     
 TCU086 3  131.00    3.66  12.06  10.66 120.0 B9410800.SMT SMTA 20190418050100.  261.     
 CHY102 2  131.11    2.10   2.92   3.46 120.0 D6110800.SMT SMTA 20190418050100.  227.     
 CHY009 3  133.11    5.76  10.16  11.82 182.9 37310800.MNS NANO 20190418050035.  241.     
 TRB025 3  133.45    4.20  13.94  16.62  58.0 03810800.CVA CVA  20190418045816.  240.     
 TAP083 3  133.45    4.90  14.00  13.24 209.7 24010800.MNS NANO 20190418050046.  358.     
 CHY138 3  134.35    7.92  20.56  15.52 183.0 45810800.MNS NANO 20190418050034.  250.     
 TTN035 2  134.59    1.58   4.04   4.50 186.4 57910800.MNS NANO 20190418050054.  195.     
 TAP122 2  135.02    4.08   6.36   6.16 120.0 C9610800.SMT SMTA 20190418050100.    2.     
 CHY106 3  135.26    4.66  11.12  11.24 233.6 30810800.MNS NANO 20190418050035.  240.     
 CHY105 3  135.50    4.00   9.12  14.20 221.7 34110800.MNS NANO 20190418050050.  246.     
 CHY039 3  136.62    4.32   9.66   6.68  52.0 17724500.CVA CVA  20190418050152.  244.     
 TTN025 2  136.65    2.10   3.14   3.38 185.7 54110800.MNS NANO 20190418050051.  201.     
 TAP123 3  136.66    5.20   8.94   7.92 300.0 O6610800.SMT SMTA 20190418050000.    1.     
 CHY135 2  136.91    2.66   5.30   6.60 120.0 D9010800.SMT SMTA 20190418050100.  232.     
 CHY027 3  137.03    6.40  12.28   9.16 184.8 58910800.MNS NANO 20190418050034.  256.     
 CHY111 3  138.10    4.12  15.82  21.68 120.0 D3200900.SMT SMTA 20190418050100.  258.     
 CHY032 3  138.58    4.68  12.38  13.80 180.1 17310800.MNS NANO 20190418050035.  248.     
 CHY088 3  138.75    3.12   9.19   8.80 211.2 15510800.MNS NANO 20190418050050.  235.     
 CHY117 3  138.79    5.82  10.56  10.28 120.0 C3410800.SMT SMTA 20190418050100.  258.     
 CHY001 3  138.93    6.04   9.12  10.28 185.6 19910800.MNS NANO 20190418050034.  254.     
 CHY015 3  140.25    4.08   8.20   6.76 229.7 52510800.MNS NANO 20190418050052.  236.     
 CHY051 2  140.56    2.36   3.68   4.26 193.4 30710800.MNS NANO 20190418050052.  232.     
 CHY095 2  141.68    5.58   7.70   5.64 212.9 51210800.MNS NANO 20190418050052.  242.     
 CHY076 3  143.10    6.26  16.34  17.64 120.0 B8010800.SMT SMTA 20190418050100.  251.     
 CHY049 3  143.57    2.58   8.02   8.60 219.7 59210800.MNS NANO 20190418050054.  238.     
 CHY043 3  143.93    2.58   9.38   6.34 223.6 52910800.MNS NANO 20190418050053.  240.     
 CHY112 3  144.48    6.54  10.00  12.22 182.8 12710800.MNS NANO 20190418050035.  254.     
 CHY120 3  144.94    5.52   9.50  14.76 300.0 N6910800.SMT SMTA 20190418050000.  243.     
 CHY008 3  145.10    7.22   9.50   8.82 185.6 55910800.MNS NANO 20190418050035.  244.     
 CHY128 2  146.23    2.46   6.10   5.94  63.0 15324500.CVA CVA  20190418050158.  235.     
 CHY033 3  147.40    4.74  11.22  11.46 219.7 20610800.MNS NANO 20190418050053.  247.     
 CHY155 3  147.90    3.28   9.60  15.98 120.0 G6910800.SMT SMTA 20190418050100.  247.     
 CHY123 2  148.62    3.52   7.06   7.34 181.1 56410800.MNS NANO 20190418050035.  245.     
 CHY053 2  148.67    2.52   4.96   4.82 216.7 38610800.MNS NANO 20190418050057.  235.     
 CHY004 3  149.30    3.32  11.22  12.66 210.7 16310800.MNS NANO 20190418050053.  250.     
 CHY093 3  149.81    3.94  11.26   9.22 179.8 16010800.MNS NANO 20190418050039.  253.     
 CHY018 2  149.88    2.32   4.10   4.24 120.0 D7810800.SMT SMTA 20190418050100.  232.     
 MTN154 2  150.60    1.38   3.40   3.28 187.3 41510800.MNS NANO 20190418050057.  219.     
 TRB028 2  150.77    2.64   6.14   4.78  61.0 04010800.CVA CVA  20190418045104.  237.     
 CHY122 2  151.01    2.48   4.98   4.66 300.0 M2510800.SMT SMTA 20190418050000.  238.     
 CHY054 3  151.37    4.00   8.06   5.38  57.0 15524500.CVA CVA  20190418050157.  237.     
 CHY062 2  152.57    1.44   2.28   2.78 182.4 53610800.MNS NANO 20190418050101.  227.     
 CHY107 2  153.42    2.42   7.28   4.46 228.0 34610800.MNS NANO 20190418050056.  237.     
 CHY100 2  153.74    2.38   4.36   3.84 205.8 50310800.MNS NANO 20190418050058.  233.     
 CHY113 3  154.09    3.08  13.74   8.80 215.5 12910800.MNS NANO 20190418050054.  243.     
 CHY055 2  157.10    2.50   7.10   5.24 207.5 38910800.MNS NANO 20190418050057.  236.     
 CHY134 2  157.18    2.46   5.98   6.38 120.0 D9310800.SMT SMTA 20190418050100.  240.     
 CHY145 3  157.67    4.10  10.34   6.54 215.8 49910800.MNS NANO 20190418050055.  245.     
 CHY022 2  157.77    1.40   2.80   2.96 185.4 58710800.MNS NANO 20190418050100.  225.     
 KAU068 2  158.12    1.94   2.06   3.14 180.7 57510800.MNS NANO 20190418050102.  221.     
 KAU069 2  158.42    1.52   2.64   2.92 180.1 40510800.MNS NANO 20190418050059.  215.     
 CHY129 2  158.46    1.58   4.86   3.82 212.3 12010800.MNS NANO 20190418050057.  238.     
 MND011 2  158.83    2.90   4.80   5.16  47.0 05324500.CVA CVA  20190418050203.  231.     
 CHY058 2  159.27    1.88   3.82   5.66 205.8 47810800.MNS NANO 20190418050058.  232.     
 CHY044 2  159.87    2.18   5.92   4.62 300.0 N5610800.SMT SMTA 20190418050000.  242.     
 CHY131 2  160.20    2.56   5.18   5.28 193.8 57310800.MNS NANO 20190418050059.  230.     
 CHY017 2  160.56    1.44   3.40   3.60 201.2 37410800.MNS NANO 20190418050058.  235.     
 CHY142 2  161.62    1.56   3.96   3.56 192.6 46810800.MNS NANO 20190418050100.  227.     
 CHY089 2  163.22    1.88   4.08   5.10 120.0 C1710800.SMT SMTA 20190418050100.  228.     
 CHY012 2  163.69    2.60   2.98   3.48 231.9 49110800.MNS NANO 20190418050058.  241.     
 CHY146 2  164.04    1.88   4.30   4.48 201.9 49410800.MNS NANO 20190418050100.  234.     
 KAU020 2  164.66    3.02   6.56   7.38 215.7 45710800.MNS NANO 20190418050059.  219.     
 CHY099 2  164.82    2.64   2.98   4.94 120.0 D7210800.SMT SMTA 20190418050100.  232.     
 KAU105 2  166.86    2.96   5.32   5.34 209.8 50710800.MNS NANO 20190418050103.  222.     
 CHY140 2  167.65    2.22   3.96   4.62 210.8 48810800.MNS NANO 20190418050100.  237.     
 CHY063 2  168.01    2.18   4.04   3.52 240.0 L7910800.SMT SMTA 20190418050100.  227.     
 CHY154 2  168.47    1.72   3.56   3.62 240.0 M0310800.SMT SMTA 20190418050100.  227.     
 KAU123 2  169.11    2.40   3.82   2.86 120.0 F3110800.SMT SMTA 20190418050100.  220.     
 CHY077 2  169.42    1.48   3.04   5.34 120.0 B8910800.SMT SMTA 20190418050100.  235.     
 CHY016 2  169.91    1.58   4.02   3.70 199.3 32610800.MNS NANO 20190418050100.  237.     
 CHY143 2  172.08    2.00   4.62   4.60 201.9 51310800.MNS NANO 20190418050104.  225.     
 CHY141 2  172.98    2.06   2.98   4.36 195.0 48310800.MNS NANO 20190418050102.  233.     
 KAU029 2  175.60    1.64   2.56   2.50 179.9 55810800.MNS NANO 20190418050111.  215.     
 CHY023 2  177.24    1.64   4.16   3.10 204.8 51510800.MNS NANO 20190418050104.  227.     
 CHY065 2  177.30    2.04   4.52   4.40 210.8 55010800.MNS NANO 20190418050108.  224.     
 KAU012 2  177.55    2.10   3.72   2.86 187.8 49310800.MNS NANO 20190418050111.  223.     
 CHY020 2  177.66    1.58   3.82   4.46 182.0 35210800.MNS NANO 20190418050102.  234.     
 CHY064 2  177.91    1.74   3.28   3.52 201.0 31310800.MNS NANO 20190418050104.  229.     
 KAU070 2  178.04    1.98   3.38   3.50 195.0 53310800.MNS NANO 20190418050110.  218.     
 CHY096 2  179.58    1.22   3.82   2.34 183.7 33210800.MNS NANO 20190418050118.  229.     
 CHY097 2  179.82    2.14   3.20   2.66 186.2 59310800.MNS NANO 20190418050114.  230.     
 CHY156 2  180.80    1.46   4.18   3.68 120.0 F0610800.SMT SMTA 20190418050100.  236.     
 CHY116 2  182.74    2.44   3.32   3.82 196.6 37710800.MNS NANO 20190418050103.  234.     
 CHY098 2  183.98    2.03   3.18   3.26 193.8 33710800.MNS NANO 20190418050114.  231.     
 CHY069 2  184.08    1.44   2.76   2.82 182.0 51910800.MNS NANO 20190418050117.  229.     
 CHY147 2  184.17    1.00   2.88   2.56 191.9 58610800.MNS NANO 20190418050121.  228.     
 KAU111 2  185.53    1.54   2.50   2.70 180.4 46010800.MNS NANO 20190418050110.  215.     
 CHY066 2  186.01    1.82   3.08   3.14 206.0 56110800.MNS NANO 20190418050121.  227.     
 KAU009 2  186.47    0.88   3.12   2.82 186.4 11910800.MNS NANO 20190418050120.  225.     
 KAU071 2  188.49    0.94   2.84   2.20 179.8 52710800.MNS NANO 20190418050127.  214.     
 KAU063 2  189.72    1.62   3.54   3.14 186.6 43210800.MNS NANO 20190418050122.  228.     
 KAU086 2  189.72    1.46   3.30   2.34 206.2 57610800.MNS NANO 20190418050125.  223.     
 KAU074 2  192.63    1.16   2.76   2.46 189.7 51710800.MNS NANO 20190418050117.  212.     
 KAU112 2  193.29    1.38   2.58   2.56 180.4 54810800.MNS NANO 20190418050117.  212.     
 KAU108 2  193.56    1.08   3.86   2.94 222.1 51010800.MNS NANO 20190418050114.  225.     
 KAU011 2  195.07    1.30   3.00   3.04 191.4 46410800.MNS NANO 20190418050126.  223.     
 KAU031 2  196.37    1.14   2.56   2.56 179.8 56710800.MNS NANO 20190418050143.  214.     
 KAU015 2  198.84    1.88   2.54   2.66 180.3 55610800.MNS NANO 20190418050123.  219.     
 KAU008 2  198.93    1.28   3.18   2.40 180.0 40810800.MNS NANO 20190418050117.  217.     
 KAU004 2  200.23    1.44   3.14   2.66 186.6 40110800.MNS NANO 20190418050127.  218.     
 KAU032 2  201.52    1.36   3.04   3.46 187.5 47710800.MNS NANO 20190418050117.  214.     
 KAU106 2  203.39    1.52   2.90   2.12 180.4 48010800.MNS NANO 20190418050137.  219.     
 KAU103 2  203.57    1.16   2.16   2.66 180.2 58410800.MNS NANO 20190418050135.  219.     
 KAU075 2  204.17    1.12   3.24   2.36 180.4 48710800.MNS NANO 20190418050119.  212.     
 KAU116 2  204.72    1.14   2.18   2.56 179.9 48210800.MNS NANO 20190418050138.  217.     
 KAU107 2  205.30    1.38   2.50   2.04 180.4 53210800.MNS NANO 20190418050119.  219.     
 KAU044 2  208.77    1.38   3.00   2.78 179.8 46110800.MNS NANO 20190418050119.  211.     
 KAU092 2  209.28    1.50   2.84   2.68 179.8 15310800.MNS NANO 20190418050138.  217.     
 HWA015 6    9.03  172.52 313.04 288.72 180.0 D3710800.SMT SMTA 20190418050000.  178.     
 HWA019 5   10.38   92.38 234.06 243.44 180.0 E9910800.SMT SMTA 20190418050000.  148.     
 HWA019 5   10.38   88.32 242.68 247.60 105.0 19210800.CVA CVA  20190418050053.  148.     
 ILA050 5   45.44   60.62 177.50 174.64 180.0 F0810800.SMT SMTA 20190418050000.   25.     
 TCU054 3   89.65    4.08   6.42  10.64  39.0 T453001.245  A900 20190418050113.  278.     
 TCU076 3   90.59    5.80   9.58  11.56 120.0 D9810800.SMT SMTA 20190418050100.  260.     
 TAP085 3   99.13    7.58  11.94  10.28 120.0 F3410800.SMT SMTA 20190418050100.    9.     
 TAP117 4  106.33   15.42  45.88  40.34  87.0 98124500.EVT ETNA 20190418050107.  359.     
 TAP001 4  109.01    8.44  29.36  23.26 120.0 G6710800.SMT SMTA 20190418050100.  358.     
 TAP007 4  112.97   13.16  27.64  32.08 120.0 C7910800.SMT SMTA 20190418050100.  358.     
 TCU168 4  117.55    4.44  25.10  33.82 120.0 D2610800.SMT SMTA 20190418050100.  334.     
